function [ x, y, w ] = rule47 ( )

%*****************************************************************************80
%
%% RULE47 returns the rule of degree 47.
%
%  Discussion:
%
%    Order 47 (399 pts)
%    1/6 data for 47-th order quadrature with 75 nodes
%
%  Licensing:
%
%    This code is distributed under the GNU LGPL license.
%
%  Modified:
%
%    26 June 2014
%
%  Author:
%
%    Original FORTRAN77 version by Hong Xiao, Zydrunas Gimbutas.
%    This MATLAB version by John Burkardt.
%
%  Parameters:
%
%    Output, real X(*), Y(*), the coordinates of the nodes.
%
%    Output, real W(*), the weights.
%
  x = [ ...
      0.00000000000000000000000000000000, ...
     -0.96663742233248238790417222682341, ...
     -0.55421586636589606362103864964496, ...
     -0.61264177937586419170392244079506, ...
      0.00000000000000000000000000000000, ...
     -0.79684085415639357802005234937672, ...
     -0.97128586885482393995603476389312, ...
     -0.93648904794849557432223757784636, ...
      0.00000000000000000000000000000000, ...
     -0.53945273449791007382233425306043E-01, ...
     -0.10288337054182960580026068100176, ...
      0.00000000000000000000000000000000, ...
     -0.73248213764906407079372614104364, ...
     -0.68426811117296314009035410342951, ...
      0.00000000000000000000000000000000, ...
     -0.11259199413113422069683485156813, ...
      0.00000000000000000000000000000000, ...
     -0.87984784872866267520426458088785, ...
     -0.23123809819906032963749193832378, ...
     -0.46889550912339936686025371549248, ...
     -0.11739233105524143722624127853417, ...
     -0.10992961573914339919329881126213, ...
     -0.16204920039724447196768977188244, ...
      0.00000000000000000000000000000000, ...
     -0.56792554236958167052318250024853, ...
     -0.36310842599378440119880946169444, ...
     -0.46903656396230065793902775073785, ...
     -0.33803039308384563532443360051617, ...
     -0.12603730801931571541242657552702, ...
     -0.44018371642510357125560685343620, ...
      0.00000000000000000000000000000000, ...
     -0.20847045004866279897685055766704, ...
     -0.22797318474342093841199473155967, ...
     -0.81969334154814590110268106658620, ...
     -0.24826155062103396453153632431776, ...
      0.00000000000000000000000000000000, ...
      0.00000000000000000000000000000000, ...
     -0.12427095901943726054227825242898, ...
     -0.26070189438266727648706156956545, ...
     -0.56248468735254147016623038597020, ...
     -0.66071472756340151327417396690268, ...
     -0.82669686777638652733059075709640, ...
      0.00000000000000000000000000000000, ...
     -0.88966644367593888841875654650478, ...
      0.00000000000000000000000000000000, ...
     -0.34452655299507786176572793372419, ...
      0.00000000000000000000000000000000, ...
     -0.65494542725425338003061612036810, ...
     -0.93012524112428256602193934913638, ...
      0.00000000000000000000000000000000, ...
     -0.66785089424544850131055902834174E-01, ...
     -0.41597899021645575618793010361463, ...
     -0.24627705576691568442688105699070, ...
     -0.74973726200095632101264662967133, ...
     -0.74550793444160419487461731848021, ...
     -0.45718177804191062450002601345813, ...
     -0.31237691698758109357216488302742, ...
     -0.36244609664691797249270623595478, ...
     -0.32616646260370706311727811093441, ...
     -0.53784292001756868772192703221020, ...
     -0.55851533886826749020734059929719, ...
     -0.66003657270757138896159641690619, ...
     -0.44695335875345503292611264014711, ...
     -0.19870749346215743992312176932942, ...
      0.00000000000000000000000000000000, ...
     -0.80239000604949848720107906069622, ...
     -0.13449553992786908006612921402555, ...
     -0.71709284775736678626288283834417, ...
      0.00000000000000000000000000000000, ...
     -0.51015724874008600140209964145657, ...
     -0.87380123018010155280547358512783, ...
     -0.39184908288647526514367672290932, ...
     -0.61920375973213862119233932838043, ...
     -0.26594843220537421747193002664485, ...
      0.00000000000000000000000000000000 ];
  y = [ ... ...
     -0.54885817731744273760020596669005E-01, ...
     -0.56535389802881173311914125214849, ...
     -0.43595283427447394280235040784487, ...
     -0.42805378386933825639851755340423, ...
      0.10543613068074012401800062516168, ...
     -0.49023992523710045116805254072657, ...
     -0.57553352291636312128177900316235, ...
     -0.55999425828931551781156236993222, ...
      0.97965289344360951855945358784080, ...
     -0.22457611472173417062464887127478, ...
     -0.30138835771850783413933825956514, ...
     -0.30545083028762013017508143191825, ...
     -0.48491296481354098368779641623556, ...
     -0.42961315180326213617646939344682, ...
     -0.48945570323521847726831699400261, ...
     -0.48818031348608414902160574354381, ...
      0.87905212764608203798450778699722, ...
     -0.52962597960343054791384488347290, ...
     -0.37175232717159904337497914590613, ...
     -0.43001929575977665531448764589702, ...
     -0.37274742279795921566656912482601, ...
     -0.13964656636214571305124861250780, ...
     -0.22098784556599346718036712899788, ...
      0.10726698183580133144561578611120E+01, ...
     -0.52773439710278615552647179725219, ...
     -0.52763898191178919130394070654322, ...
     -0.52697835910181444235797110038292, ...
     -0.36648653111336403999140387539267, ...
     -0.52894478654176106374465306810932, ...
     -0.36579746792427023484428727362546, ...
      0.24344631435472381136691814975209, ...
     -0.29950682881818228902768609651588, ...
     -0.48721710760636867571802595633338, ...
     -0.52883882159690679649594382117023, ...
     -0.52822203489770240968743803141947, ...
     -0.37667277468535763242146591083137, ...
     -0.52940747517054265256495756528320, ...
     -0.43564261027324440083824439259671, ...
     -0.20992358276179358318845033026211, ...
     -0.48651251086220905025316938031502, ...
     -0.52681305116132787774755531194190, ...
     -0.55712806420844685964294934833455, ...
      0.59300989346090695220519494616955, ...
     -0.55768637399333409575145201865462, ...
     -0.13980368807481589507662723468431, ...
     -0.48599981614691996341237894437611, ...
      0.41840134446650681930079926553608, ...
     -0.48392971086401977797578179121298, ...
     -0.57383958132479530247972005058149, ...
     -0.43820483878434062239610080574033, ...
     -0.55764972588734990620416241805372, ...
     -0.29204731777806559769068818139152, ...
     -0.43448156854177003457395184650007, ...
     -0.55679770960375493548218080656374, ...
     -0.52714057557693106272153869645905, ...
     -0.48449632102066625308448025105653, ...
     -0.29161853684292105771088446811658, ...
     -0.43162684421663934029018768245950, ...
     -0.55705385397930168896131546768592, ...
     -0.36980700529962546759999533399443, ...
     -0.55689739217360638744554116629651, ...
     -0.55674192040916277835962510290896, ...
     -0.55682962368161313519342300149308, ...
     -0.55738068167530312022049700934039, ...
     -0.57360394426682101478744320464048, ...
     -0.57345366439244921550225256351043, ...
     -0.57357771856416956297048773459624, ...
     -0.57343681973260213887282500888328, ...
      0.72177614769930334697640951850176, ...
     -0.57345497171610556737079624481070, ...
     -0.57352108080599339578631706071895, ...
     -0.57345327364010964490936936951959, ...
     -0.57342883815744037296971547838128, ...
     -0.57351635407928127465513028410519, ...
      0.11456762187114260229690797261936E+01 ];
