function [ x, y, w ] = rule14 ( )

%*****************************************************************************80
%
%% RULE14 returns the rule of degree 14.
%
%  Discussion:
%
%    Order 14 (42 pts)
%    1/6 data for 14-th order quadrature with 10 nodes
%
%  Licensing:
%
%    This code is distributed under the GNU LGPL license.
%
%  Modified:
%
%    26 June 2014
%
%  Author:
%
%    Original FORTRAN77 version by Hong Xiao, Zydrunas Gimbutas.
%    This MATLAB version by John Burkardt.
%
%  Parameters:
%
%    Output, real X(*), Y(*), the coordinates of the nodes.
%
%    Output, real W(*), the weights.
%
  x = [ ...
       0.00000000000000000000000000000000, ...
      -0.38860728567183008438779563596070, ...
       0.00000000000000000000000000000000, ...
      -0.23336083105033817175364101627343, ...
       0.00000000000000000000000000000000, ...
       0.00000000000000000000000000000000, ...
       0.00000000000000000000000000000000, ...
       0.00000000000000000000000000000000, ...
      -0.59834186695364090421374367255377, ...
      -0.76078267367321428411638967504470 ];
  y = [ ... ...
      -0.29206320844176911462814202555440, ...
      -0.55198100751730853202008670921318, ...
       0.94061946354883534183314930438733, ...
      -0.41641460445461153990144627293196, ...
       0.20734659086072252500578277182211, ...
       0.54084256733761408785791946134147, ...
       0.10875282781985526175124163597842E+01, ...
      -0.53912013325044374969918965513440, ...
      -0.47840728699646114957331822352154, ...
      -0.57515345557308018596067002721924 ];
  w = [ ... ...
       0.21575950013461064401435712745522E-01, ...
       0.18999249951197107599659818693116E-01, ...
       0.94979085230770220958819598950727E-02, ...
       0.50762962987167304291061144573638E-01, ...
       0.34069276742966482732002423831004E-01, ...
       0.27744543677779980654066228474803E-01, ...
       0.32397817681977165704923716215682E-02, ...
       0.14400206375318340262255497721148E-01, ...
       0.32461956812954507173175490962641E-01, ...
       0.65938319732958843565058351143197E-02 ];

  return
end
