function [ x, y, w ] = rule40 ( )

%*****************************************************************************80
%
%% RULE40 returns the rule of degree 40.
%
%  Discussion:
%
%    Order 40 (295 pts)
%    1/6 data for 40-th order quadrature with 58 nodes.
%
%  Licensing:
%
%    This code is distributed under the GNU LGPL license.
%
%  Modified:
%
%    26 June 2014
%
%  Author:
%
%    Original FORTRAN77 version by Hong Xiao, Zydrunas Gimbutas.
%    This MATLAB version by John Burkardt.
%
%  Parameters:
%
%    Output, real X(*), Y(*), the coordinates of the nodes.
%
%    Output, real W(*), the weights.
%
  x = [ ...
     -0.66411637423956578739874309909381, ...
     -0.24207197863738398306862447542249, ...
     -0.67514797177612497189134399646036, ...
     -0.87225015944191233374717005469166, ...
     -0.76868567879223402156192530043099, ...
     -0.30999131154608929623930725445334, ...
     -0.85323240841065682042462033708838, ...
     -0.53727030292133569609030595551578, ...
     -0.76757602207091515344003545816282, ...
     -0.41709706260058898440960904281784, ...
     -0.64250324642862691442102353901370, ...
     -0.73395730528035636744565078095249, ...
     -0.43310798704792516669286002220314, ...
     -0.84693242965372475993997325395966, ...
     -0.52988575538367881737400733664267, ...
     -0.81395203621001148192221956701526, ...
     -0.13262238321158207908085298608017, ...
      0.00000000000000000000000000000000, ...
      0.00000000000000000000000000000000, ...
      0.00000000000000000000000000000000, ...
     -0.12565893500209059730381606002675, ...
     -0.25582836243545168466615122195358, ...
     -0.41982097163871183619680245728246, ...
     -0.39584244571866434364968812226225, ...
     -0.13831881077136084719064254716209, ...
     -0.55558835329547161475407470013715, ...
     -0.26904113625079335044301504651780, ...
     -0.38617376855258266995224135587201, ...
     -0.90712290003268365546639318057557, ...
     -0.13211254083412060410003056730975, ...
     -0.13532200006090754449420198166522, ...
     -0.51005162143835566342423604409501, ...
     -0.51567412876653561433770558683539, ...
     -0.72835797984670651201858245642167, ...
     -0.62260740206958077067832393367003, ...
     -0.63528538940605775324683142950171, ...
     -0.13545478402323854515885777980547, ...
      0.00000000000000000000000000000000, ...
     -0.91834711208585899367680729069800, ...
     -0.26841456178680462127694701451016, ...
      0.00000000000000000000000000000000, ...
      0.00000000000000000000000000000000, ...
      0.00000000000000000000000000000000, ...
      0.00000000000000000000000000000000, ...
     -0.29450956974500233083745593494225, ...
      0.00000000000000000000000000000000, ...
      0.00000000000000000000000000000000, ...
      0.00000000000000000000000000000000, ...
     -0.15766005001997588398000791219776, ...
      0.00000000000000000000000000000000, ...
     -0.39500420341927114646355151929679, ...
      0.00000000000000000000000000000000, ...
      0.00000000000000000000000000000000, ...
     -0.26583541850389618832328064074218, ...
      0.00000000000000000000000000000000, ...
      0.00000000000000000000000000000000, ...
      0.00000000000000000000000000000000, ...
     -0.96488163632640580772795528150790 ];
  y = [ ... ...
     -0.57470378380535839956317699309199, ...
     -0.55141831198597603831507286345131, ...
     -0.56556494724168897227639164041706, ...
     -0.51618467078933129623213777000412, ...
     -0.57460672418387407371421627702399, ...
     -0.54008229992950442561714306153720, ...
     -0.57384241303948358177304914166735, ...
     -0.55074388383078986548196008116722, ...
     -0.55974233776493979903089310270512, ...
     -0.52536474950509016897082596544373, ...
     -0.54449319151536051271909078020569, ...
     -0.53103387228266569983647483538750, ...
     -0.57587141183196674121843247917653, ...
     -0.55611797625038840229584838026927, ...
     -0.51296985906932015988541254967364, ...
     -0.52158827793142738546379723447015, ...
     -0.56187932687266342953378211324032, ...
      0.11003011687008237336733434466617E+01, ...
      0.13663584323344421793456675059387, ...
     -0.12737340589454779203738364883373, ...
     -0.18929257322289204287244570649377, ...
     -0.25237212852983271455023246046020, ...
     -0.56044801444994193030345087522119, ...
     -0.47566799110898290470517971819636, ...
     -0.52410356380692977799609815127570, ...
     -0.57170940642241625229835788381429, ...
     -0.49908301034879271805709825139645, ...
     -0.31612494675971333985536967359669, ...
     -0.54847061860786860395005750661379, ...
     -0.29657575362028796765551235884180, ...
     -0.46558820109446506663286885353751, ...
     -0.37923882528380845099383801241958, ...
     -0.45684803758863608291625036678218, ...
     -0.48029591121869609066590186543256, ...
     -0.43603282267888446054028374651391, ...
     -0.50005009951296356150064101928238, ...
     -0.38891721146901775531494918295119, ...
      0.27933482596036362512959496310960, ...
     -0.57179705694461496519432143619911, ...
     -0.43363067211489722444853507200367, ...
      0.42523996391594593545924154391851, ...
      0.11441090108726184667750585003180E+01, ...
     -0.24234470017351667426024672589549, ...
     -0.49681561132122740420073482664742, ...
     -0.57125217727233967706758863119402, ...
      0.93003191476975548336483377359380, ...
      0.56962631638217381356419889136285, ...
      0.00000000000000000000000000000000, ...
     -0.57631399232172626259918827974601, ...
      0.82111436271392253740638163140260, ...
     -0.40469300239711789646100476636550, ...
     -0.54513955979531860983983136957607, ...
     -0.57203141564320759086953238463017, ...
     -0.35075660264700114997055999049565, ...
     -0.34273351742727767767145394888763, ...
      0.70353037724633104142734855780744, ...
     -0.42794958420782980247198112865939, ...
     -0.57216175902539330683834475050253 ];
