function [ x, y, w ] = rule38 ( )

%*****************************************************************************80
%
%% RULE38 returns the rule of degree 38.
%
%  Discussion:
%
%    Order 38 (267 pts)
%    1/6 data for 38-th order quadrature with 51 nodes.
%
%  Licensing:
%
%    This code is distributed under the GNU LGPL license.
%
%  Modified:
%
%    26 June 2014
%
%  Author:
%
%    Original FORTRAN77 version by Hong Xiao, Zydrunas Gimbutas.
%    This MATLAB version by John Burkardt.
%
%  Parameters:
%
%    Output, real X(*), Y(*), the coordinates of the nodes.
%
%    Output, real W(*), the weights.
%
  x = [ ...
       0.00000000000000000000000000000000, ...
      -0.38017185669450718257184066048831, ...
       0.00000000000000000000000000000000, ...
      -0.64388710735877083783416282124044, ...
       0.00000000000000000000000000000000, ...
      -0.91532058656497198671471150555246, ...
      -0.78472586424382273509683032899814, ...
      -0.99643590876239824517695137609747E-01, ...
      -0.41959606976158875740459488513640, ...
      -0.90709796569683108888235443082745, ...
       0.00000000000000000000000000000000, ...
      -0.31006871991021548748342323634250, ...
       0.00000000000000000000000000000000, ...
      -0.55804669150858522261961383013874, ...
      -0.23391252232540839712384994231650, ...
      -0.84191118240738060068532375730213, ...
      -0.53335107942756502512226568928935, ...
       0.00000000000000000000000000000000, ...
      -0.47291121570664026204475560732776, ...
       0.00000000000000000000000000000000, ...
      -0.72785722160360793350295551572105, ...
      -0.49855221184504938895139013840901, ...
      -0.54925671022190333222562093502386, ...
      -0.44686452030684963518394665288121, ...
      -0.61953974615995630087673220975416, ...
      -0.62648548681833042070303279649082, ...
      -0.67197877643540341416126929672985, ...
      -0.41335885239677796031890142990207, ...
      -0.25346463551838318570541525347334, ...
      -0.69573906885921915728856348088559, ...
       0.00000000000000000000000000000000, ...
       0.00000000000000000000000000000000, ...
      -0.38636910084523127223009550231297, ...
       0.00000000000000000000000000000000, ...
      -0.33658056387534557504382625690100, ...
       0.00000000000000000000000000000000, ...
       0.00000000000000000000000000000000, ...
      -0.87843541547485157244218200006356E-01, ...
      -0.85039120745944430746903967678568E-01, ...
      -0.84482245043808986751701243019350, ...
      -0.23361755931365234413765013776635, ...
      -0.84712737676102112301556527859528E-01, ...
      -0.30228200141771618391567732367974, ...
      -0.17281546621195622411401122869585, ...
       0.00000000000000000000000000000000, ...
      -0.16293712483088177437982114203995, ...
      -0.96366288222453288706533712520860, ...
      -0.25373681319593324282811397911950, ...
      -0.15001122172665224948595080689653, ...
      -0.75738968673027804907685927008861, ...
      -0.76664557469367476317397564232357 ];
  y = [ ... ...
      -0.43557198951312314492372904354947, ...
      -0.48676901082212536688741381364887, ...
      -0.20761979727194592905202199533091, ...
      -0.40573908618816893429385257585425, ...
      -0.46713152507187031292455455867277, ...
      -0.57377461458362246990957759635438, ...
      -0.51373173879402534769265540295112, ...
      -0.18600062141874083923383175875705, ...
      -0.52071016051529641903708216132188, ...
      -0.55471321549486532778867447040816, ...
       0.10940631576403911595307511796686E+01, ...
      -0.44966761533984648209489215134754, ...
       0.65074263823985079600667000386443, ...
      -0.57266700781635460274026638478223, ...
      -0.19775702200253896797934274544035, ...
      -0.54145730613515149557950920114789, ...
      -0.40306833625953531748818108675870, ...
       0.11441448170815456331207001620839E+01, ...
      -0.45699037409328199099206927354961, ...
       0.95123251126820600706088723471076, ...
      -0.45891721551063656195753394995739, ...
      -0.55254653716155075726305443495177, ...
      -0.50985596144990674077481289770119, ...
      -0.31858800667671763885666636445179, ...
      -0.46956784465504062728813836459427, ...
      -0.54683284777191952223714461151061, ...
      -0.57051260429903260207066265388305, ...
      -0.57227331670065037577673308824224, ...
      -0.57253866498558213253629629823534, ...
      -0.51790249949511235759270582432134, ...
       0.10252000964578561221300395045227E+01, ...
       0.16568297477093707545432698117652, ...
      -0.38903470904529446210903397210864, ...
      -0.30137742399876299186434574375181, ...
      -0.55145765476506148518201936114546, ...
       0.43524327738107859551153511292157, ...
      -0.55031736573002371942681152441060, ...
      -0.51270307120416046582718931909697, ...
      -0.57221773164738784945037090035811, ...
      -0.57007049747206373797913896032469, ...
      -0.37942157065303255897465810627733, ...
      -0.38182236985847584746876547919066, ...
      -0.29988148386350240360102081846111, ...
      -0.55110081638940231919507254561012, ...
      -0.80478911639902275408961840267122E-01, ...
      -0.45603365215790654433852111390607, ...
      -0.57138683817501246632052994868585, ...
      -0.51210804711263968662217366453516, ...
      -0.28983256020905742573818686292564, ...
      -0.55650931396143459003034201519312, ...
      -0.57683373408531432268827479475092 ];
