function [ x, y, w ] = rule49 ( )

%*****************************************************************************80
%
%% RULE49 returns the rule of degree 49.
%
%  Discussion:
%
%    Order 49 (435 pts)
%    1/6 data for 49-th order quadrature with 82 nodes.
%
%  Licensing:
%
%    This code is distributed under the GNU LGPL license.
%
%  Modified:
%
%    26 June 2014
%
%  Author:
%
%    Original FORTRAN77 version by Hong Xiao, Zydrunas Gimbutas.
%    This MATLAB version by John Burkardt.
%
%  Parameters:
%
%    Output, real X(*), Y(*), the coordinates of the nodes.
%
%    Output, real W(*), the weights.
%
  x = [ ...
     -0.61057213632871754777556178617093, ...
     -0.21740746844089577030217736555995, ...
     -0.74657702398083537596708720880628, ...
      0.00000000000000000000000000000000, ...
     -0.18652159062065316394708803878930, ...
     -0.88761825157466116267033225250300E-01, ...
      0.00000000000000000000000000000000, ...
     -0.48639838036980400557648362218933, ...
     -0.37022598751812238568894342780029, ...
      0.00000000000000000000000000000000, ...
     -0.55660589033253986016354022616185, ...
     -0.23093959523489028823297605424361, ...
     -0.12830890012394010891659450444936, ...
     -0.63417236502579470761226709395580, ...
     -0.36128311243234453339020706484578, ...
     -0.24458985250678919382029730465663, ...
      0.00000000000000000000000000000000, ...
     -0.76440468282859730372500804391987, ...
     -0.43881396034292203335647632860058, ...
     -0.29031421623299546923298899864555, ...
     -0.11022106138867966101881171838643, ...
     -0.82697827385445359866410833664403, ...
      0.00000000000000000000000000000000, ...
     -0.22649962118473459738073399292893, ...
     -0.34409570678022498852315838982214, ...
     -0.75185639971866986636651769262636, ...
     -0.53461908075309836850101213437195, ...
      0.00000000000000000000000000000000, ...
      0.00000000000000000000000000000000, ...
     -0.67842852868361945529379240804657, ...
     -0.98128049170705739598259613001700E-01, ...
     -0.81198101881640100102568599136862, ...
      0.00000000000000000000000000000000, ...
     -0.38816954030832809949204934487173, ...
     -0.51214253977457617025282281965566, ...
      0.00000000000000000000000000000000, ...
     -0.89378361429922217289759901811815, ...
     -0.20438937977062137351398598793386, ...
     -0.29077462427214531822794640367537, ...
     -0.45530327016209634617378737911148, ...
      0.00000000000000000000000000000000, ...
     -0.50049811961058966626537547990924, ...
     -0.59653316717651885600358396085261, ...
     -0.18241222915476293063943966605377, ...
     -0.17504275018488792290118428567192, ...
     -0.87027029250770403203069802318185, ...
     -0.25906638561252602666842654816923, ...
     -0.25389417516222969869856982682409, ...
     -0.63924734492284199961203241117988E-01, ...
     -0.32336677856616207857128015137548, ...
     -0.45933867955078441295151086540347, ...
     -0.73910550014397140051390907061818, ...
     -0.11606977913379114755850687691385, ...
     -0.65577583679224655444244929369890, ...
     -0.83552616064107205337213906126893, ...
     -0.67748842104198500405815554991182, ...
     -0.37231932331276101094567014835110, ...
     -0.93676060044306703638748111096616, ...
     -0.66619173394165069756523303173151, ...
      0.00000000000000000000000000000000, ...
     -0.80515347766473982936691157759254, ...
     -0.94025356560109772303978498971830, ...
     -0.55800138185704783040837528977761, ...
     -0.33515583932564482010856277294034, ...
     -0.72304850966873315163769622529180, ...
     -0.46826261407944706264024812254397, ...
      0.00000000000000000000000000000000, ...
     -0.11247883641677583766316101770443, ...
     -0.41172923406071229009367773338534, ...
     -0.89091288563351724918827721227521, ...
      0.00000000000000000000000000000000, ...
     -0.70999559860544022018934170422900E-01, ...
      0.00000000000000000000000000000000, ...
      0.00000000000000000000000000000000, ...
      0.00000000000000000000000000000000, ...
      0.00000000000000000000000000000000, ...
      0.00000000000000000000000000000000, ...
     -0.13798316432331004899182819510688, ...
     -0.57133871576000905289179002614761, ...
     -0.97448997895894366957466437859893, ...
      0.00000000000000000000000000000000, ...
     -0.58709342896187276256324804582086 ];
