function [ x, y, w ] = rule50 ( )

%*****************************************************************************80
%
%% RULE50 returns the rule of degree 50.
%
%  Discussion:
%
%    Order 50 (453 pts)
%    1/6 data for 50-th order quadrature with 84 nodes.
%
%  Licensing:
%
%    This code is distributed under the GNU LGPL license.
%
%  Modified:
%
%    26 June 2014
%
%  Author:
%
%    Original FORTRAN77 version by Hong Xiao, Zydrunas Gimbutas.
%    This MATLAB version by John Burkardt.
%
%  Parameters:
%
%    Output, real X(*), Y(*), the coordinates of the nodes.
%
%    Output, real W(*), the weights.
%
  x = [ ...
      0.00000000000000000000000000000000, ...
     -0.11243137017724544706384538604138, ...
     -0.92568822098610615625930541796974, ...
     -0.29692106117972817002503164575225, ...
     -0.70777454997646828139185546400833, ...
     -0.90907207527032819051622115148967, ...
     -0.17776222920358422699613435141006, ...
     -0.63358007216059497217331539880521, ...
      0.00000000000000000000000000000000, ...
     -0.48639150346057012854861946724002, ...
     -0.67960972311168179219672603013974, ...
     -0.80987858028162034515744403376905, ...
      0.00000000000000000000000000000000, ...
     -0.10197291667485080764243827190062, ...
     -0.63905313551409030298179847776955, ...
     -0.54848856966069179497342801711918, ...
     -0.28743291564930093738030476563064, ...
     -0.25853575380565982943550456940571, ...
     -0.85293311497853524347068807827847, ...
     -0.69117532096345247573444072455055E-01, ...
      0.00000000000000000000000000000000, ...
     -0.56115415639613667473122134344096E-01, ...
     -0.24397413927543615902606748562471, ...
     -0.27325078883205130181299635420966, ...
      0.00000000000000000000000000000000, ...
     -0.16627205471955132096796330738419, ...
     -0.93789271474578126741505762079105, ...
     -0.11930506754016075016780500019251, ...
     -0.90151108565688587759737165100797, ...
     -0.32049535943729789391066639033515, ...
     -0.59104204439569195659289399130103, ...
     -0.21751462540323724688100842714558, ...
     -0.15800907798262943177922632788479, ...
     -0.34192996428318888182680259909761, ...
     -0.50348314662449992878796511382845, ...
     -0.72296664168698516928824798397709, ...
     -0.83410412765541264189179663045556, ...
     -0.45220969294953177503238310311635, ...
     -0.89091508745388259553341479950777, ...
     -0.43793566633133321281524272450307, ...
     -0.54799008713988301043149151643902, ...
     -0.20885455826291604847376889739060, ...
     -0.19653261626463977858040946368613, ...
     -0.34026425560719830519871252095558, ...
     -0.30334121141262021200705945773916, ...
     -0.49535294281864462436231396682347, ...
     -0.54967499236570302852186466340436E-01, ...
     -0.79641981144983823490340768373671, ...
     -0.77252621434083133665996549756551, ...
     -0.22122265719250289382440633768970, ...
      0.00000000000000000000000000000000, ...
     -0.63310729924221124505794362578563, ...
      0.00000000000000000000000000000000, ...
     -0.38407586571187361708454487843458, ...
     -0.53170841252843484837013141905012, ...
     -0.17511720551530423320716712387413, ...
     -0.30063413976092480084347753701585, ...
     -0.10868692205689496593149118515046, ...
     -0.41113970829952388068679218228879, ...
      0.00000000000000000000000000000000, ...
     -0.69178376289359713732790198931403, ...
      0.00000000000000000000000000000000, ...
     -0.97953562628985148065013964889033, ...
     -0.95090315064315556393142498648752, ...
     -0.11195104828353529165299273055927, ...
     -0.39218251627345475097146235231760, ...
     -0.48703846544346851999956533815843, ...
     -0.74320583688319031979489348519293, ...
      0.00000000000000000000000000000000, ...
     -0.69393567486204502934677097789401, ...
     -0.59416809204083916290436093693814, ...
      0.00000000000000000000000000000000, ...
     -0.59168695264172826158307513888901, ...
     -0.42226270556224588488343911175678, ...
      0.00000000000000000000000000000000, ...
      0.00000000000000000000000000000000, ...
     -0.77777971180155417861382042517561, ...
      0.00000000000000000000000000000000, ...
      0.00000000000000000000000000000000, ...
     -0.37473331227815313999612621965198, ...
      0.00000000000000000000000000000000, ...
     -0.77988920685466297897759157424588E-01, ...
      0.00000000000000000000000000000000, ...
     -0.84965569809328811423376218283034 ];
