function [ x, y, w ] = rule45 ( )

%*****************************************************************************80
%
%% RULE45 returns the rule of degree 45.
%
%  Discussion:
%
%    Order 45 (370 pts)
%    1/6 data for 45-th order quadrature with 70 nodes.
%
%  Licensing:
%
%    This code is distributed under the GNU LGPL license.
%
%  Modified:
%
%    26 June 2014
%
%  Author:
%
%    Original FORTRAN77 version by Hong Xiao, Zydrunas Gimbutas.
%    This MATLAB version by John Burkardt.
%
%  Parameters:
%
%    Output, real X(*), Y(*), the coordinates of the nodes.
%
%    Output, real W(*), the weights.
%
  x = [ ...
     -0.96749796278768431752695073746986, ...
     -0.98943904955500689467050133968185, ...
     -0.85724783085411714050106137680522, ...
     -0.86009422327718343131869480185428, ...
     -0.54678180057409276098388610849729E-01, ...
     -0.49732663296837674567709737943128, ...
     -0.96239582473679000067551742403253, ...
     -0.27961070235673144034368245271631, ...
     -0.40402890296751249677645751975093, ...
     -0.29442839410535855309352484266892, ...
      0.00000000000000000000000000000000, ...
     -0.43275119028613663914670241562698, ...
     -0.44044389245586822931301266425545, ...
     -0.61279883033232538372205093469042, ...
      0.00000000000000000000000000000000, ...
      0.00000000000000000000000000000000, ...
     -0.40788451897774191002745407172850, ...
     -0.69268856593560823389350549597623, ...
      0.00000000000000000000000000000000, ...
     -0.76676405679321178282204182266112, ...
     -0.88142494556619689489685668224494, ...
     -0.30788563677170870686746228513001, ...
     -0.51690806387591814992569974157337, ...
     -0.36522335396393722816446107730499, ...
      0.00000000000000000000000000000000, ...
     -0.54085071215301248177693480228527, ...
     -0.83755436630162203436831978893993, ...
     -0.39400450916939910389752569327788, ...
     -0.33507526831923579205690213103223, ...
     -0.93207383259146302186264561603832, ...
      0.00000000000000000000000000000000, ...
     -0.24725397282679600089234012793255, ...
     -0.59548295462739307737882050980714, ...
     -0.21190291318947065883045380978784, ...
     -0.48065853549210622637194679384859, ...
     -0.58563257009522274955669451569327, ...
      0.00000000000000000000000000000000, ...
     -0.36489263643259686426301607599478, ...
     -0.10662122389563936276094546991520, ...
     -0.63098646216816865329341790460037, ...
     -0.10951950034472544896736583276610, ...
     -0.14147353942031966219611357193348, ...
     -0.32195104149719150226124582347371, ...
     -0.79909003824949698793707745791143, ...
     -0.10582426030688274991436338221365, ...
     -0.11204595369159801121778549049946, ...
     -0.61200208537203979332083793516425, ...
      0.00000000000000000000000000000000, ...
     -0.69310856751575954320818550365882, ...
     -0.52182537044957879662933711116161, ...
      0.00000000000000000000000000000000, ...
     -0.21330305926164315152747136574011, ...
     -0.76353151836479030982601065330425, ...
     -0.67884482751176626602735151717562, ...
      0.00000000000000000000000000000000, ...
     -0.71309872195622120220433316560504, ...
     -0.23702202213867019459513762948482, ...
     -0.49629255197942964513516871846921, ...
      0.00000000000000000000000000000000, ...
      0.00000000000000000000000000000000, ...
     -0.21703474679150985775348937929931, ...
     -0.12791164301131482078856717349660, ...
      0.00000000000000000000000000000000, ...
      0.00000000000000000000000000000000, ...
     -0.91918133084949909274827769251893, ...
     -0.78297196007811101735741996204489, ...
     -0.14461283051109006329463020198732, ...
      0.00000000000000000000000000000000, ...
     -0.26734836171405202882645924901152, ...
      0.00000000000000000000000000000000 ];
  y = [ ... ...
     -0.56471941069694844856954469658100, ...
     -0.57501200548013563442214533934183, ...
     -0.56546982796685102989871197087213, ...
     -0.57522024853914446403759310165459, ...
     -0.56214268954647688248601400572909, ...
     -0.57443518202158385272046704794250, ...
     -0.57430537135662979697492111738520, ...
     -0.57479443137000535377443032432917, ...
     -0.31119792517448315773562579509789, ...
     -0.18309182975606309835985477370170, ...
      0.70503710102613623076996776216914, ...
     -0.37954480542530077301394984603928, ...
     -0.43813658252872489137658216590349, ...
     -0.52431770764693138795353125680755, ...
      0.43988432838417361094660056896797, ...
      0.54818973150740130019484360782211, ...
     -0.53068517830945825690351866312342, ...
     -0.52054382897965220831059074194035, ...
     -0.57563407311774753488214306675980, ...
     -0.52066524714991149578624581683571, ...
     -0.55109220346610688251784303249678, ...
     -0.28136936804129377678526074056198, ...
     -0.52770400117212017756160700268800, ...
     -0.55536072100117397125270524523176, ...
      0.96341139552317968299064589061772, ...
     -0.42510034407525727010496874963780, ...
     -0.52414106878540363881135726636148, ...
     -0.57247532448088443486712017171738, ...
     -0.43906434358617035923094688491037, ...
     -0.55427727760435318351185124343632, ...
      0.11840495907177995488840441336373, ...
     -0.56071879514252223550399956253037, ...
     -0.57301592049564293598812570618238, ...
     -0.22794222552637819257304990263196, ...
     -0.48610984701993063250622405741056, ...
     -0.48075527463104237978284559370263, ...
     -0.11656336099177678980294986355914, ...
     -0.49380185173253747396240691815876, ...
     -0.17257418086954546445487547770085, ...
     -0.41685471639662622825619311565566, ...
     -0.27691779802002702321949855249422, ...
     -0.54643161443323592717327912197685, ...
     -0.36959650358697796007635862331191, ...
     -0.55312820158517175524163271806254, ...
     -0.37061655711808016877061539071484, ...
     -0.44989790809755280647980798667131, ...
     -0.55532421580891103975772368666732, ...
      0.23698504908978765362861518397758, ...
     -0.57312340633371483370089991608323, ...
     -0.35237310557002597123601067611590, ...
     -0.22563680509593199790438697496259, ...
     -0.32814170713377593953818022888866, ...
     -0.47540208897837744967251438098628, ...
     -0.47291221034981050011352430482453, ...
     -0.41322179544695816391477350068005, ...
     -0.55444311333444255226437372754811, ...
     -0.47815353791871963047978697256372, ...
     -0.55841263605812562308032038707870, ...
     -0.32398951274847599369007130866498, ...
      0.00000000000000000000000000000000, ...
     -0.41120300953009715133424788540273, ...
     -0.50863906936384494919608030957095, ...
      0.82709200615759949176722321241391, ...
     -0.48378305160084771830753762022321, ...
     -0.57250910447612774904686920854490, ...
     -0.57273156232313427034131360506698, ...
     -0.57295167407019810131965208299179, ...
      0.10366261458457849101902218371190E+01, ...
     -0.52758606695132708413591860408544, ...
     -0.53231347309540434406510538720317 ];
