function toms743_test01 ( nbits )

%*****************************************************************************80
%
%% TOMS743_TEST01 compares WAPR to stored values.
%
%  Licensing:
%
%    This code is distributed under the GNU LGPL license.
%
%  Modified:
%
%    15 June 2014
%
%  Author:
%
%    Original FORTRAN77 version by Andrew Barry, S. J. Barry, 
%    Patricia Culligan-Hensley.
%    This MATLAB version by John Burkardt.
%
%  Parameters:
%
%    Input, integer NBITS, the number of bits in the mantissa.
%

%
%  Exact results for Wp(x).
%
%  X close to -exp(-1).
%
  dx1 = [ ...
           1.E-40,2.E-40,3.E-40,4.E-40,5.E-40,6.E-40,7.E-40,8.E-40, ...
           9.E-40,1.E-39,1.E-30,2.E-30,3.E-30,4.E-30,5.E-30,6.E-30, ...
           7.E-30,8.E-30,9.E-30,1.E-29,1.E-20,2.E-20,3.E-20,4.E-20, ...
           5.E-20,6.E-20,7.E-20,8.E-20,9.E-20,1.E-19,1.E-10,2.E-10, ...
           3.E-10,4.E-10,5.E-10,6.E-10,7.E-10,8.E-10,9.E-10,1.E-9,1.E-5, ...
           2.E-5,3.E-5,4.E-5,5.E-5,6.E-5,7.E-5,8.E-5,9.E-5,1.E-4,2.E-4, ...
           3.E-4,4.E-4,5.E-4,6.E-4,7.E-4,8.E-4,9.E-4,1.E-3,2.E-3,3.E-3, ...
           4.E-3,5.E-3,6.E-3,7.E-3,8.E-3,9.E-3,1.E-2 ];
  wp1(1:68) = [ ...
           -.9999999999999999999766835601840287579665, ...
           -.9999999999999999999670255745859974370634, ...
           -.9999999999999999999596147415871158855702, ...
           -.9999999999999999999533671203680575159335, ...
           -.9999999999999999999478628555782056161596, ...
           -.9999999999999999999428866198325571498809, ...
           -.9999999999999999999383104987875354650364, ...
           -.9999999999999999999340511491719948741275, ...
           -.9999999999999999999300506805520862739007, ...
           -.9999999999999999999262669432552936235556, ...
           -.9999999999999976683560184028776088243496, ...
           -.9999999999999967025574585997473306784697, ...
           -.9999999999999959614741587115939935280812, ...
           -.9999999999999953367120368057588420244704, ...
           -.9999999999999947862855578205706768098859, ...
           -.9999999999999942886619832557258611080314, ...
           -.9999999999999938310498787535591888253966, ...
           -.999999999999993405114917199501910108482, ...
           -.9999999999999930050680552086436996003626, ...
           -.9999999999999926266943255293804772564852, ...
           -.9999999997668356018584094585181033975713, ...
           -.9999999996702557458962181283375794922681, ...
           -.9999999995961474159255244922555603070484, ...
           -.9999999995336712037530626747373742782638, ...
           -.9999999994786285558726655558473617503914, ...
           -.9999999994288661984343027719079710168757, ...
           -.9999999993831049880022078023099082447845, ...
           -.9999999993405114918649237720678678043098, ...
           -.9999999993005068056839596486461928553989, ...
           -.9999999992626694327341550240404575805522, ...
           -.9999766837414008807143234266407434345965, ...
           -.9999670259370180970391011806287847685011, ...
           -.9999596152852334187587360603177913882165, ...
           -.9999533678452277190993205651165793258207, ...
           -.9999478637616504968301143759542621752943, ...
           -.9999428877071168268324462680980110604599, ...
           -.999938311767283189655618359697592754013, ...
           -.999934052598878483932035240348113191731, ...
           -.9999300523114688962155368933174163936848, ...
           -.9999262687553819399632780281900349826094, ...
           -.9926447551971221136721993073029112268763, ...
           -.9896086425917686478635208903220735023288, ...
           -.9872831094708759013315476674998231771112, ...
           -.9853253899681719161468126266199947992874, ...
           -.9836027178149637071691226667555243369797, ...
           -.9820470029764667038452666345865058694192, ...
           -.9806177971936827573257045283891513709368, ...
           -.97928874641099293421931043027104578327, ...
           -.9780415451927629881943028498821429186059, ...
           -.9768628655744219140604871252425961901255, ...
           -.967382626983074241885253344632666448927, ...
           -.9601485420712594199373375259293860324633, ...
           -.9540768694875733222057908617314370634111, ...
           -.9487478690765183543410579996573536771348, ...
           -.9439462911219380338176477772712853402016, ...
           -.9395442782590063946376623684916441100361, ...
           -.9354585313336439336066341889767099608018, ...
           -.9316311953818583253420613278986500351794, ...
           -.9280201500545670487600430252549212247489, ...
           -.8991857663963733198571950343133631348347, ...
           -.8774287170665477623395641312875506084256, ...
           -.8593275036837387237312746018678000939451, ...
           -.8435580020488052057849697812109882706542, ...
           -.8294416857114015557682843481727604063558, ...
           -.8165758053803078481644781849709953302847, ...
           -.8046981564792468915744561969751509934994, ...
           -.7936267540949175059651534957734689407879, ...
           -.7832291989812967764330746819464532478021];
%
%  x close to 0.
%
  x2 = [ ...
           1.E-9,2.E-9,3.E-9,4.E-9,5.E-9,6.E-9,7.E-9,8.E-9,9.E-9,1.E-8, ...
           1.E-2,2.E-2,3.E-2,4.E-2,5.E-2,6.E-2,7.E-2,8.E-2,9.E-2,1.E-1];
  wp2(1:40) = [ ...
           9.999999990000000014999999973333333385417E-10, ...
           1.9999999960000000119999999573333335E-9, ...
           2.999999991000000040499999784000001265625E-9, ...
           3.999999984000000095999999317333338666667E-9, ...
           4.999999975000000187499998333333349609375E-9, ...
           5.999999964000000323999996544000040499999E-9, ...
           6.99999995100000051449999359733342086979E-9, ...
           7.999999936000000767999989077333503999997E-9, ...
           8.999999919000001093499982504000307546869E-9, ...
           9.999999900000001499999973333333854166656E-9, ...
           9.901473843595011885336326816570107953628E-3, ...
           1.961158933740562729168248268298370977812E-2, ...
           2.913845916787001265458568152535395243296E-2, ...
           3.848966594197856933287598180923987047561E-2, ...
           4.767230860012937472638890051416087074706E-2, ...
           5.669304377414432493107872588796066666126E-2, ...
           6.555812274442272075701853672870305774479E-2, ...
           7.427342455278083997072135190143718509109E-2, ...
           8.284448574644162210327285639805993759142E-2, ...
           9.127652716086226429989572142317956865312E-2, ...
           -1.000000001000000001500000002666666671875E-9, ...
           -2.000000004000000012000000042666666833333E-9, ...
           -3.000000009000000040500000216000001265625E-9, ...
           -4.000000016000000096000000682666672E-9, ...
           -5.000000025000000187500001666666682942709E-9, ...
           -6.000000036000000324000003456000040500001E-9, ...
           -7.000000049000000514500006402666754203126E-9, ...
           -8.000000064000000768000010922666837333336E-9, ...
           -9.000000081000001093500017496000307546881E-9, ...
           -1.000000010000000150000002666666718750001E-8, ...
           -1.010152719853875327292018767138623973671E-2, ...
           -2.041244405580766725973605390749548004159E-2, ...
           -3.094279498284817939791038065611524917276E-2, ...
           -4.170340843648447389872733812553976786256E-2, ...
           -5.270598355154634795995650617915721289428E-2, ...
           -6.396318935617251019529498180168867456393E-2, ...
           -7.548877886579220591933915955796681153525E-2, ...
           -8.729772086157992404091975866027313992649E-2, ...
           -9.940635280454481474353567186786621057821E-2, ...
           -1.118325591589629648335694568202658422726E-1];
%
%  Other Wp results.
%
  x3 = [1.E+01,1.E+02,1.E+03,1.E+04,1.E+05,1.E+06,1.E+07,1.E+08,1.E+09,1.E+10];
