function [ x, w ] = rule11( n )

%*****************************************************************************80
%
%% RULE11 returns the rule of degree 11.
%
%  Licensing:
%
%    This code is distributed under the GNU LGPL license.
%
%  Modified:
%
%    08 July 2014
%
%  Author:
%
%    Original FORTRAN77 version by Hong Xiao, Zydrunas Gimbutas.
%    This MATLAB version by John Burkardt.
%
%  Reference:
%
%    Hong Xiao, Zydrunas Gimbutas,
%    A numerical algorithm for the construction of efficient quadrature
%    rules in two and higher dimensions,
%    Computers and Mathematics with Applications,
%    Volume 59, 2010, pages 663-676.
%
%  Parameters:
%
%    Input, integer N, the number of nodes.
%
%    Output, real X(3,N), the coordinates of the nodes.
%
%    Output, real W(N), the weights.
%
  xs = [ ...
    0.2499788650260321E+00, 0.3921769824433600E+00, ...
    -0.7499317903601719E+00, 0.1970279946664021E+00, ...
    -0.4574811189815491E+00, 0.7920994458748165E+00, ...
    0.9496878040642897E+00, 0.5494991726029024E+00, ...
    -0.9415698074379264E+00, -0.1549790418658323E+00, ...
    0.9014007983667046E+00, -0.4493885995928424E+00, ...
    -0.7095579485335214E+00, -0.8736487328036152E+00, ...
    -0.3264862525811954E-01, -0.1103424065156252E+00, ...
    -0.5637539669697259E+00, 0.2945721905451988E+00, ...
    -0.8603062445393469E+00, -0.7507058748066501E+00, ...
    -0.2780639680677569E+00, 0.7047555601238907E+00, ...
    -0.6295944388807833E+00, -0.9095323899548270E+00, ...
    0.2964917498074751E+00, 0.8851424078101294E+00, ...
    -0.7219563370216030E+00, -0.9230518045006708E+00, ...
    0.5631064783902135E+00, -0.9323802418890973E+00, ...
    0.9285744095618478E+00, -0.3446313474069602E-01, ...
    0.5285124795902665E+00, -0.6564153211279398E+00, ...
    0.9670556758395562E+00, 0.9746827810441796E+00, ...
    -0.1497145509400533E+00, 0.5126157047506474E-01, ...
    0.5771162069337331E+00, -0.9882152664587444E+00, ...
    0.8664710684798440E+00, 0.1554480104048762E+00, ...
    -0.2499788650260319E+00, -0.3921769824433600E+00, ...
    0.7499317903601719E+00, -0.1970279946664021E+00, ...
    0.4574811189815492E+00, -0.7920994458748165E+00, ...
    -0.9496878040642897E+00, -0.5494991726029023E+00, ...
    0.9415698074379265E+00, 0.1549790418658323E+00, ...
    -0.9014007983667046E+00, 0.4493885995928425E+00, ...
    0.7095579485335214E+00, 0.8736487328036152E+00, ...
    0.3264862525811960E-01, 0.1103424065156252E+00, ...
    0.5637539669697259E+00, -0.2945721905451988E+00, ...
    0.8603062445393470E+00, 0.7507058748066501E+00, ...
    0.2780639680677569E+00, -0.7047555601238906E+00, ...
    0.6295944388807833E+00, 0.9095323899548271E+00, ...
    -0.2964917498074751E+00, -0.8851424078101294E+00, ...
    0.7219563370216030E+00, 0.9230518045006707E+00, ...
    -0.5631064783902135E+00, 0.9323802418890973E+00, ...
    -0.9285744095618478E+00, 0.3446313474069607E-01, ...
    -0.5285124795902665E+00, 0.6564153211279398E+00, ...
    -0.9670556758395561E+00, -0.9746827810441796E+00, ...
    0.1497145509400534E+00, -0.5126157047506470E-01, ...
    -0.5771162069337331E+00, 0.9882152664587445E+00, ...
    -0.8664710684798441E+00, -0.1554480104048762E+00 ];
  ys = [ ...
    0.9380477277286925E+00, -0.3903208068416588E+00, ...
    0.5539681565347837E+00, -0.9087002846713521E+00, ...
    -0.6321385589135142E+00, 0.3182961009431599E+00, ...
    -0.8236851175776945E+00, -0.8104327207737747E+00, ...
    0.9326434060163864E+00, -0.4047646882920218E+00, ...
    0.9551344910189569E+00, -0.8100975319542825E+00, ...
    -0.2881465340470265E+00, 0.9393091372522897E+00, ...
    0.7616291888714266E+00, -0.3792679791993436E+00, ...
    -0.8198273601663221E+00, -0.6277875734879305E+00, ...
    0.3601156105251353E+00, -0.6500193633731873E+00, ...
    -0.1345149716413504E+00, 0.5453436457811436E+00, ...
    0.9440747796649167E+00, -0.9592627915208141E+00, ...
    -0.7303420755929871E-01, 0.8946123590730062E+00, ...
    0.6073216328066294E-01, 0.2144997262319605E+00, ...
    -0.1311566771466323E+00, -0.7186229429207273E+00, ...
    -0.6749210564844365E+00, 0.9691840758487141E+00, ...
    -0.6464321973320226E+00, 0.9661037973313142E+00, ...
    0.5022924249551910E+00, 0.2011928667597957E+00, ...
    -0.3711890466829925E+00, -0.7861623327708182E+00, ...
    0.9831486697529307E+00, 0.1008010491222713E+00, ...
    -0.6108831589158809E+00, 0.9546709186773804E+00, ...
    -0.9380477277286926E+00, 0.3903208068416588E+00, ...
    -0.5539681565347837E+00, 0.9087002846713521E+00, ...
    0.6321385589135142E+00, -0.3182961009431599E+00, ...
    0.8236851175776946E+00, 0.8104327207737747E+00, ...
    -0.9326434060163864E+00, 0.4047646882920218E+00, ...
    -0.9551344910189569E+00, 0.8100975319542825E+00, ...
    0.2881465340470266E+00, -0.9393091372522897E+00, ...
    -0.7616291888714266E+00, 0.3792679791993436E+00, ...
    0.8198273601663221E+00, 0.6277875734879305E+00, ...
    -0.3601156105251352E+00, 0.6500193633731873E+00, ...
    0.1345149716413503E+00, -0.5453436457811436E+00, ...
    -0.9440747796649167E+00, 0.9592627915208141E+00, ...
    0.7303420755929881E-01, -0.8946123590730062E+00, ...
    -0.6073216328066286E-01, -0.2144997262319605E+00, ...
    0.1311566771466323E+00, 0.7186229429207273E+00, ...
    0.6749210564844365E+00, -0.9691840758487141E+00, ...
    0.6464321973320226E+00, -0.9661037973313142E+00, ...
    -0.5022924249551909E+00, -0.2011928667597957E+00, ...
    0.3711890466829925E+00, 0.7861623327708182E+00, ...
    -0.9831486697529307E+00, -0.1008010491222714E+00, ...
    0.6108831589158809E+00, -0.9546709186773804E+00 ];
