function [ x, w ] = rule13 ( n )

%*****************************************************************************80
%
%% RULE13 returns the rule of degree 13.
%
%  Licensing:
%
%    This code is distributed under the GNU LGPL license.
%
%  Modified:
%
%    08 July 2014
%
%  Author:
%
%    Original FORTRAN77 version by Hong Xiao, Zydrunas Gimbutas.
%    This MATLAB version by John Burkardt.
%
%  Reference:
%
%    Hong Xiao, Zydrunas Gimbutas,
%    A numerical algorithm for the construction of efficient quadrature
%    rules in two and higher dimensions,
%    Computers and Mathematics with Applications,
%    Volume 59, 2010, pages 663-676.
%
%  Parameters:
%
%    Input, integer N, the number of nodes.
%
%    Output, real X(3,N), the coordinates of the nodes.
%
%    Output, real W(N), the weights.
%
  xs = [ ...
    0.4870864101401451E+00, -0.2374760548181477E-01, ...
    -0.7693492847298501E+00, 0.9412905403090202E+00, ...
    0.6911155930532483E+00, 0.7898594135857243E+00, ...
    -0.7034504617756053E+00, 0.1116726714264779E+00, ...
    -0.6392758447394441E+00, -0.8512618100723829E+00, ...
    -0.6550935879174717E+00, -0.2012982100456206E-01, ...
    0.2379647994307194E+00, -0.8601912819787483E+00, ...
    -0.9232873932846022E+00, -0.1900861086818608E+00, ...
    0.1929412791278925E-01, 0.7258444409271682E+00, ...
    -0.8143255678954792E+00, 0.2946629110201063E+00, ...
    -0.4322866997565211E+00, 0.9734181389553355E+00, ...
    -0.8655112784848059E+00, -0.9486962755224994E+00, ...
    -0.8639618309045872E+00, 0.4192783763456998E+00, ...
    -0.6493595219283761E-01, -0.3132633581182750E+00, ...
    -0.7107686198927078E+00, 0.1584847796276057E+00, ...
    0.7962238411361664E+00, 0.7050836730161649E+00, ...
    0.8581636882302615E+00, 0.9437903485136390E+00, ...
    -0.9469415138106567E+00, 0.3693463627427371E+00, ...
    -0.4815016166149078E+00, 0.6225323271333136E+00, ...
    -0.1216882752396847E+00, 0.4861399922133740E+00, ...
    -0.6588662398008378E+00, 0.8733371851679250E+00, ...
    -0.5553986064438454E+00, 0.7785003762786959E+00, ...
    -0.9809869293544266E+00, -0.9200430029249042E+00, ...
    0.3304920778295448E+00, 0.3661210439903886E+00, ...
    0.6228621851378309E+00, -0.6948006452003259E+00, ...
    -0.9310681159823312E+00, 0.1927229482124844E+00, ...
    -0.9395909910668155E+00, -0.8918846544837020E+00, ...
    -0.5046559139572119E+00, -0.5501818316586664E+00, ...
    -0.9816538375537931E+00, 0.5810740673825343E-01, ...
    -0.9917476914762476E+00, 0.1619246931269223E+00, ...
    0.4044274445105526E+00, 0.9788832392715772E+00, ...
    0.2896262066021671E+00, -0.9979092625656895E+00, ...
    -0.9953891308905386E+00, -0.4870864101401453E+00, ...
    0.2374760548181472E-01, 0.7693492847298502E+00, ...
    -0.9412905403090200E+00, -0.6911155930532483E+00, ...
    -0.7898594135857244E+00, 0.7034504617756053E+00, ...
    -0.1116726714264779E+00, 0.6392758447394442E+00, ...
    0.8512618100723829E+00, 0.6550935879174717E+00, ...
    0.2012982100456194E-01, -0.2379647994307196E+00, ...
    0.8601912819787482E+00, 0.9232873932846023E+00, ...
    0.1900861086818609E+00, -0.1929412791278927E-01, ...
    -0.7258444409271683E+00, 0.8143255678954792E+00, ...
    -0.2946629110201063E+00, 0.4322866997565212E+00, ...
    -0.9734181389553355E+00, 0.8655112784848059E+00, ...
    0.9486962755224994E+00, 0.8639618309045871E+00, ...
    -0.4192783763456998E+00, 0.6493595219283750E-01, ...
    0.3132633581182749E+00, 0.7107686198927078E+00, ...
    -0.1584847796276057E+00, -0.7962238411361664E+00, ...
    -0.7050836730161649E+00, -0.8581636882302615E+00, ...
    -0.9437903485136390E+00, 0.9469415138106567E+00, ...
    -0.3693463627427371E+00, 0.4815016166149078E+00, ...
    -0.6225323271333137E+00, 0.1216882752396847E+00, ...
    -0.4861399922133739E+00, 0.6588662398008377E+00, ...
    -0.8733371851679250E+00, 0.5553986064438454E+00, ...
    -0.7785003762786958E+00, 0.9809869293544267E+00, ...
    0.9200430029249042E+00, -0.3304920778295449E+00, ...
    -0.3661210439903887E+00, -0.6228621851378309E+00, ...
    0.6948006452003260E+00, 0.9310681159823312E+00, ...
    -0.1927229482124843E+00, 0.9395909910668155E+00, ...
    0.8918846544837020E+00, 0.5046559139572118E+00, ...
    0.5501818316586664E+00, 0.9816538375537931E+00, ...
    -0.5810740673825336E-01, 0.9917476914762476E+00, ...
    -0.1619246931269224E+00, -0.4044274445105527E+00, ...
    -0.9788832392715772E+00, -0.2896262066021671E+00, ...
    0.9979092625656895E+00, 0.9953891308905385E+00 ];
