function [ x, w ] = rule14 ( n )

%*****************************************************************************80
%
%% RULE14 returns the rule of degree 14.
%
%  Licensing:
%
%    This code is distributed under the GNU LGPL license.
%
%  Modified:
%
%    08 July 2014
%
%  Author:
%
%    Original FORTRAN77 version by Hong Xiao, Zydrunas Gimbutas.
%    This MATLAB version by John Burkardt.
%
%  Reference:
%
%    Hong Xiao, Zydrunas Gimbutas,
%    A numerical algorithm for the construction of efficient quadrature
%    rules in two and higher dimensions,
%    Computers and Mathematics with Applications,
%    Volume 59, 2010, pages 663-676.
%
%  Parameters:
%
%    Input, integer N, the number of nodes.
%
%    Output, real X(3,N), the coordinates of the nodes.
%
%    Output, real W(N), the weights.
%
  xs = [ ...
    0.3724711910241946E-01, 0.4142659262186393E+00, ...
    0.5177982339713144E+00, 0.3604423376125923E+00, ...
    0.8256117236986897E+00, 0.4265362215919388E+00, ...
    -0.5205630040142383E+00, 0.5476096231885307E+00, ...
    -0.3908413316164978E-01, -0.6869205136187482E+00, ...
    -0.8269790632507413E+00, -0.3077403136300738E+00, ...
    -0.4871197763974943E+00, -0.6602942921439789E+00, ...
    -0.1996644422759564E+00, -0.2612979535504019E+00, ...
    0.5138865516799961E+00, -0.8650532980097219E+00, ...
    0.5098273324253541E+00, 0.7674795450461877E+00, ...
    0.1907820276114263E+00, -0.7413413727558544E+00, ...
    0.8578428692155201E+00, -0.9483245969337234E+00, ...
    0.6622911479023382E+00, 0.1082533914200937E+00, ...
    0.9727081876507619E+00, 0.5564069612990988E+00, ...
    0.6174233759718846E+00, -0.7840704914833193E+00, ...
    -0.3863554802732841E+00, -0.7642023424993235E+00, ...
    -0.7532542829872437E+00, -0.8018433723045076E+00, ...
    0.3770659555409062E+00, -0.9491540989399579E+00, ...
    -0.9382558523915473E+00, -0.9808828605653619E+00, ...
    -0.4844689691834917E+00, 0.9256039531559204E+00, ...
    -0.8709952382834715E-01, -0.5396392548668583E+00, ...
    0.1368025517956275E+00, 0.3374041492353974E+00, ...
    0.7068715546921336E+00, -0.4085110348118505E+00, ...
    -0.9681798506556836E+00, -0.1549674800732925E+00, ...
    0.9150816905013831E+00, 0.5375252305267589E-01, ...
    -0.5579823240421485E+00, 0.8969270740962718E-02, ...
    0.7014120009018806E+00, 0.1912491108449427E+00, ...
    0.5828147015903538E+00, 0.9521221772289220E+00, ...
    -0.1994976199453465E+00, -0.8137190118036577E+00, ...
    -0.5666026693931812E+00, -0.7926656084386846E+00, ...
    -0.6502780637374249E+00, 0.1603598833824042E+00, ...
    -0.9646753205843002E+00, 0.1874185821317708E+00, ...
    0.8078893967819246E+00, 0.9821198889247245E+00, ...
    -0.9134820612323216E+00, 0.9315563412192052E+00, ...
    0.9673991240002898E-02, -0.5917684536649436E+00, ...
    -0.5910952945368380E+00, -0.9004251112937950E+00, ...
    0.4666785637176430E+00, -0.9279892538634408E+00, ...
    0.5165215046136072E+00, -0.6522976391673276E+00, ...
    -0.4635151732777533E+00, -0.2216103796843620E+00, ...
    0.9720841352166502E+00, 0.8697669064712771E+00, ...
    -0.7844145244283243E+00, 0.5653272793694807E+00, ...
    0.5670262199937089E+00, -0.8760558996804383E+00, ...
    -0.6568661047943578E+00, -0.6431016384228920E-01, ...
    0.2699910056033774E+00, -0.3193920506608590E+00, ...
    0.5594292856531002E+00, -0.8625783835676980E+00, ...
    0.9642093306328916E+00, 0.9564210050320944E+00, ...
    -0.5256008382082430E+00, 0.6831869769415302E+00, ...
    -0.5564497515417263E+00, -0.8665833611119687E+00, ...
    0.2119314545737717E+00, 0.6499134147160973E+00, ...
    0.8416070492408827E+00, -0.8860664019820089E+00, ...
    0.8630542601243912E+00, 0.4006206217350135E+00, ...
    -0.3255422740709495E+00, 0.3889737632509294E+00, ...
    -0.4031111086863209E+00, -0.1026555049543291E+00, ...
    -0.2154587129488632E+00, -0.9587635011613380E+00, ...
    -0.6781849005122116E+00, 0.6431694453965539E-02, ...
    0.5990879315696672E+00, 0.2604246381903720E+00, ...
    -0.2205299895937927E+00, 0.7360523872792837E+00, ...
    0.9141664583516047E+00, 0.6460945155487459E+00, ...
    0.8261067491745480E+00, 0.2582806673903185E+00, ...
    0.7992011614665788E+00, 0.1952759431439480E+00, ...
    -0.1404821582745676E+00, -0.9719800694682158E+00, ...
    -0.9082932030606901E+00, -0.8069621339496692E+00, ...
    0.5138739584252263E+00, -0.4508670463586423E+00, ...
    0.7460163089423278E+00, 0.8559732256227004E+00, ...
    0.2619517671437559E+00, -0.7178069404428022E+00, ...
    0.7768409833572711E+00, 0.9566352889085462E+00, ...
    -0.9129931899686473E+00, -0.2027074937002416E+00, ...
    -0.9767056206307869E+00, -0.1953671488795780E+00, ...
    0.9356675487713187E+00, 0.2733263440546579E-01, ...
    0.8541785574421273E+00, -0.8509341178434021E+00, ...
    -0.8389589448490465E+00, -0.9114666802875271E+00, ...
    -0.2369922070544546E+00, 0.8352761372704256E+00, ...
    0.6990375376349731E+00, -0.9825936001862040E+00, ...
    0.9890254163849905E+00, 0.4299873858805139E+00, ...
    0.9084398364888665E+00, -0.4942757972549205E+00, ...
    0.1276694562023527E+00, 0.8433252017493162E+00, ...
    0.9812363871492615E+00, -0.5112868612432091E+00, ...
    -0.9919630673934499E+00, 0.9888971621532768E+00, ...
    0.9906786057375682E+00, 0.9291016994895615E+00, ...
    -0.9930351279012178E+00, -0.4368492693215694E+00, ...
    -0.9926580930992508E+00, 0.9810341338091584E+00, ...
    0.2829487311079641E+00, 0.9951522144360470E+00, ...
    -0.9467788426833306E+00, 0.6231428267482866E+00, ...
    -0.9966694864427889E+00, -0.5545516866973424E+00, ...
    -0.2200546924714422E+00, 0.9855361391127346E+00, ...
    0.1242997310669405E+00, -0.2411466505640982E-01 ];
