function [ x, w ] = rule15 ( n )

%*****************************************************************************80
%
%% RULE15 returns the rule of degree 15.
%
%  Licensing:
%
%    This code is distributed under the GNU LGPL license.
%
%  Modified:
%
%    08 July 2014
%
%  Author:
%
%    Original FORTRAN77 version by Hong Xiao, Zydrunas Gimbutas.
%    This MATLAB version by John Burkardt.
%
%  Reference:
%
%    Hong Xiao, Zydrunas Gimbutas,
%    A numerical algorithm for the construction of efficient quadrature
%    rules in two and higher dimensions,
%    Computers and Mathematics with Applications,
%    Volume 59, 2010, pages 663-676.
%
%  Parameters:
%
%    Input, integer N, the number of nodes.
%
%    Output, real X(3,N), the coordinates of the nodes.
%
%    Output, real W(N), the weights.
%
  xs = [ ...
    0.4846214646897683E+00, 0.6027166661210369E-01, ...
    0.5119120893947191E+00, -0.5797527815798613E+00, ...
    0.8916317278515248E+00, 0.4427375637743738E+00, ...
    -0.2409001206926237E+00, 0.4213881124359606E+00, ...
    0.2454110415378226E+00, -0.1642469924955429E+00, ...
    -0.5907939646559498E+00, -0.6671386201069288E+00, ...
    0.7552290798850946E+00, 0.1001864121384495E+00, ...
    -0.7219847932977880E+00, 0.2982096063117719E+00, ...
    0.5073944886321697E+00, -0.4863692703613542E+00, ...
    0.4639404445534597E+00, -0.8081387191848195E+00, ...
    -0.5896154562963155E+00, 0.1349771790076746E+00, ...
    -0.1459114981397958E+00, -0.7771044530879095E+00, ...
    0.3049106464545794E+00, 0.7478398889947702E+00, ...
    0.2593964431357709E+00, -0.8826393735985893E+00, ...
    0.5355784681079047E+00, -0.1464672879292506E+00, ...
    0.6066659900076390E+00, -0.8588774763360313E+00, ...
    -0.9697378209073355E+00, -0.3207448401664478E+00, ...
    0.3238825883494653E+00, -0.8911881463557618E+00, ...
    0.9588421432293531E+00, -0.9459659824876482E-01, ...
    0.4326888655727574E+00, -0.4031429838762605E+00, ...
    -0.4784772616280669E+00, 0.8992518592510214E+00, ...
    0.6586422425595307E+00, 0.8204427703547663E+00, ...
    -0.5614110159343418E+00, 0.9520903109905504E-01, ...
    0.5640256443183821E+00, -0.8042276926515493E+00, ...
    0.6821201856074234E+00, -0.7682858721251195E+00, ...
    0.7082541697630407E+00, -0.4618970778119202E+00, ...
    -0.2168388877255139E+00, 0.5371020397039006E+00, ...
    0.8885379409916848E+00, 0.6251053221154703E+00, ...
    0.8755744976159847E+00, -0.1289396220206777E+00, ...
    0.9646166796039118E+00, 0.2607898402928713E+00, ...
    0.9703940236997658E+00, 0.7108751014443095E-01, ...
    0.7712967479205184E+00, 0.8842270989720199E+00, ...
    0.7991197473160693E+00, -0.3410291594283488E+00, ...
    -0.4192756150578085E+00, 0.7230818664415763E+00, ...
    0.1436938638381775E+00, -0.9757899278543728E+00, ...
    0.8447822406339708E+00, 0.9613637788842541E+00, ...
    0.8507427476805113E+00, -0.8848833562540662E+00, ...
    0.9720070913947075E+00, -0.6259228134698737E+00, ...
    0.9441521606893316E+00, 0.2886043547146998E+00, ...
    0.9428658265051933E+00, 0.9499838153205579E+00, ...
    -0.1175912491528422E+00, -0.9810321115887223E+00, ...
    0.9305760666668829E+00, -0.9783274226607617E+00, ...
    -0.9834890551889414E+00, 0.4453699774671322E-01, ...
    -0.5306871050560035E+00, 0.9868369576014261E+00, ...
    -0.5232830891127319E+00, -0.8918143354641236E+00, ...
    0.8676179401449021E+00, 0.9964872079697851E+00, ...
    0.9918319243897599E+00, 0.7865264660879382E+00, ...
    -0.9241660476457195E-01, -0.4846214646897686E+00, ...
    -0.6027166661210399E-01, -0.5119120893947190E+00, ...
    0.5797527815798613E+00, -0.8916317278515249E+00, ...
    -0.4427375637743741E+00, 0.2409001206926235E+00, ...
    -0.4213881124359606E+00, -0.2454110415378225E+00, ...
    0.1642469924955428E+00, 0.5907939646559499E+00, ...
    0.6671386201069287E+00, -0.7552290798850947E+00, ...
    -0.1001864121384497E+00, 0.7219847932977881E+00, ...
    -0.2982096063117720E+00, -0.5073944886321696E+00, ...
    0.4863692703613542E+00, -0.4639404445534597E+00, ...
    0.8081387191848196E+00, 0.5896154562963155E+00, ...
    -0.1349771790076746E+00, 0.1459114981397958E+00, ...
    0.7771044530879095E+00, -0.3049106464545795E+00, ...
    -0.7478398889947702E+00, -0.2593964431357710E+00, ...
    0.8826393735985893E+00, -0.5355784681079047E+00, ...
    0.1464672879292507E+00, -0.6066659900076391E+00, ...
    0.8588774763360314E+00, 0.9697378209073355E+00, ...
    0.3207448401664478E+00, -0.3238825883494653E+00, ...
    0.8911881463557617E+00, -0.9588421432293531E+00, ...
    0.9459659824876483E-01, -0.4326888655727574E+00, ...
    0.4031429838762604E+00, 0.4784772616280668E+00, ...
    -0.8992518592510215E+00, -0.6586422425595307E+00, ...
    -0.8204427703547664E+00, 0.5614110159343418E+00, ...
    -0.9520903109905507E-01, -0.5640256443183821E+00, ...
    0.8042276926515494E+00, -0.6821201856074234E+00, ...
    0.7682858721251195E+00, -0.7082541697630407E+00, ...
    0.4618970778119202E+00, 0.2168388877255139E+00, ...
    -0.5371020397039005E+00, -0.8885379409916848E+00, ...
    -0.6251053221154704E+00, -0.8755744976159846E+00, ...
    0.1289396220206776E+00, -0.9646166796039118E+00, ...
    -0.2607898402928713E+00, -0.9703940236997658E+00, ...
    -0.7108751014443089E-01, -0.7712967479205184E+00, ...
    -0.8842270989720198E+00, -0.7991197473160693E+00, ...
    0.3410291594283487E+00, 0.4192756150578084E+00, ...
    -0.7230818664415765E+00, -0.1436938638381774E+00, ...
    0.9757899278543728E+00, -0.8447822406339707E+00, ...
    -0.9613637788842542E+00, -0.8507427476805113E+00, ...
    0.8848833562540663E+00, -0.9720070913947076E+00, ...
    0.6259228134698737E+00, -0.9441521606893316E+00, ...
    -0.2886043547146998E+00, -0.9428658265051933E+00, ...
    -0.9499838153205579E+00, 0.1175912491528422E+00, ...
    0.9810321115887223E+00, -0.9305760666668829E+00, ...
    0.9783274226607617E+00, 0.9834890551889414E+00, ...
    -0.4453699774671330E-01, 0.5306871050560035E+00, ...
    -0.9868369576014261E+00, 0.5232830891127319E+00, ...
    0.8918143354641237E+00, -0.8676179401449020E+00, ...
    -0.9964872079697851E+00, -0.9918319243897600E+00, ...
    -0.7865264660879382E+00, 0.9241660476457186E-01 ];
