function [ x, w ] = rule12 ( n )

%*****************************************************************************80
%
%% RULE12 returns the rule of degree 12.
%
%  Licensing:
%
%    This code is distributed under the GNU LGPL license.
%
%  Modified:
%
%    08 July 2014
%
%  Author:
%
%    Original FORTRAN77 version by Hong Xiao, Zydrunas Gimbutas.
%    This MATLAB version by John Burkardt.
%
%  Reference:
%
%    Hong Xiao, Zydrunas Gimbutas,
%    A numerical algorithm for the construction of efficient quadrature
%    rules in two and higher dimensions,
%    Computers and Mathematics with Applications,
%    Volume 59, 2010, pages 663-676.
%
%  Parameters:
%
%    Input, integer N, the number of nodes.
%
%    Output, real X(3,N), the coordinates of the nodes.
%
%    Output, real W(N), the weights.
%
  xs = [ ...
    -0.7715535323463264E+00, 0.3118087350366243E-01, ...
    0.7202332131024749E+00, 0.4477007231810433E+00, ...
    0.4990977036666501E+00, 0.7276854447788592E+00, ...
    0.5641552377783545E-01, -0.6804449077772355E+00, ...
    -0.3147755705468945E-01, 0.9656886599696646E+00, ...
    -0.5809498997793892E+00, -0.2289254671435773E+00, ...
    0.7876771526454306E+00, -0.4068670890700770E+00, ...
    -0.8972365649862598E+00, -0.3532895192280955E+00, ...
    -0.9567571227498393E+00, -0.1216832508787129E+00, ...
    0.5700762717211539E+00, 0.5051003810086915E+00, ...
    0.9701289189066667E+00, -0.8467694257635688E+00, ...
    -0.9792766700328013E+00, 0.9239050051895750E+00, ...
    0.3182661293383706E+00, 0.2128643425667921E+00, ...
    -0.9491244031998681E+00, 0.7992362723313403E+00, ...
    -0.2460884124375043E+00, 0.1342871260315162E+00, ...
    -0.2373280028547328E+00, -0.5865009282285342E+00, ...
    0.4626440026822248E+00, 0.3297957744728636E+00, ...
    -0.9420531528791128E+00, -0.4341804961950992E+00, ...
    -0.9225452596590470E+00, 0.6871688089857060E+00, ...
    0.2448760905505635E+00, 0.5741688284173365E+00, ...
    -0.8594595285871465E+00, -0.5554936117139078E+00, ...
    -0.6494964119774425E+00, 0.5732782989920666E+00, ...
    0.3752071332901741E-02, 0.6435232718547543E+00, ...
    0.8238997691962470E+00, 0.6248144351825363E-01, ...
    -0.5415679713524282E+00, -0.6912095128076139E-01, ...
    0.4168395206084785E+00, 0.7671340542346751E+00, ...
    0.9499134274201164E+00, 0.6612862602874549E+00, ...
    0.4988292488539028E+00, -0.3980774278492163E+00, ...
    0.2143015046710522E+00, -0.8245870486521025E+00, ...
    0.9547288142651947E+00, -0.8256353544128002E+00, ...
    0.8043198685414620E+00, -0.6534154451891698E+00, ...
    -0.9452902258113793E+00, -0.6217330929720845E+00, ...
    -0.9665133496506871E+00, 0.1521701688630693E+00, ...
    -0.9371839994014188E+00, 0.9495343847338622E+00, ...
    -0.3463029817783037E+00, -0.7895101820283607E+00, ...
    -0.8159632548392504E-01, 0.2855115686118832E+00, ...
    0.9535458359476985E+00, -0.2998645589788054E+00, ...
    0.8771573781780831E+00, 0.5455017995441601E+00, ...
    0.9166715004534769E-01, 0.9320968927813329E+00, ...
    -0.4371224793112961E+00, -0.8347365350568826E+00, ...
    -0.6455342940659587E+00, 0.8555205523715417E+00, ...
    -0.2072617599943643E+00, -0.2113416898671757E+00, ...
    -0.9486945106212309E+00, -0.9718805025138264E+00, ...
    -0.1940500299791751E-02, 0.8641147432354730E+00, ...
    -0.7571701781562347E+00, 0.4947987121201377E+00, ...
    0.2223337905054378E+00, 0.9496122896148295E+00, ...
    0.8640108234726359E+00, 0.7680642862414261E+00, ...
    0.4625223529706101E+00, 0.9726683521171305E+00, ...
    -0.7964752179472936E+00, -0.7061109658827748E+00, ...
    -0.8721608252584128E+00, -0.6991324850192889E+00, ...
    0.9831710538535281E+00, 0.3063724124769707E+00, ...
    0.9886078377543190E+00, -0.6436734499882067E+00, ...
    -0.1696864839354078E+00, -0.9581984720461905E+00, ...
    0.6404741270364127E+00, -0.9954098177933381E+00, ...
    -0.9998048311370020E+00, -0.3608374768729438E+00, ...
    -0.4193491067426698E+00, -0.2591511667594117E+00, ...
    0.5950366411277217E+00, 0.8362890578433639E+00, ...
    -0.9989746911020813E+00, 0.9819256903295290E+00 ];
  ys = [ ...
    0.3846975186938493E+00, -0.6224498777026040E+00, ...
    0.1248067846342114E+00, 0.8759502561317533E+00, ...
    0.3319258914157911E+00, -0.5633971521527585E+00, ...
    0.8534622243379885E+00, 0.9174064836961019E+00, ...
    0.6613043682070445E-01, 0.8826351471721087E+00, ...
    0.3382028556583220E+00, 0.7699804117571577E+00, ...
    -0.3555309699183173E+00, 0.5163363528866298E+00, ...
    0.9578029706408058E+00, 0.2101811715995720E+00, ...
    -0.6596351003887070E+00, 0.2923658777723023E-01, ...
    -0.2160515820663783E+00, -0.7325716420674306E+00, ...
    -0.9320850402391798E+00, 0.2535810500632735E+00, ...
    -0.3368010225765684E+00, 0.9401901116430753E+00, ...
    0.7005289547119918E-01, -0.4318126034481278E+00, ...
    -0.7540912429552113E+00, 0.7738338149718788E+00, ...
    -0.2709207207715034E+00, -0.4558191555703927E+00, ...
    -0.9010499919081281E+00, 0.5077988769546107E+00, ...
    -0.3368014224099352E+00, -0.1248384730156639E+00, ...
    -0.9290918735449377E+00, -0.7020388511680736E+00, ...
    0.8388875287519405E+00, 0.3950015262650662E+00, ...
    0.4698716842353510E+00, 0.7927540313537204E-01, ...
    -0.4958172798073285E+00, 0.9158035761509341E-01, ...
    0.6706864246998623E+00, 0.7918494529907293E+00, ...
    -0.6319475420779336E+00, 0.6495695968654632E+00, ...
    -0.9456860423718022E+00, -0.8989638999178421E+00, ...
    -0.3735186503913843E+00, 0.4704635101750327E+00, ...
    -0.8716224029261982E+00, 0.5966448338821769E+00, ...
    0.2261581260452755E-01, -0.7330157165466431E+00, ...
    -0.7471944764154522E+00, 0.9683805827306203E+00, ...
    -0.5519164542917125E+00, -0.8971331427558276E+00, ...
    -0.8173334319953630E+00, 0.8059812120592472E+00, ...
    -0.6969456308437438E+00, -0.2340344455553026E+00, ...
    -0.6410900230088896E+00, -0.7876018852914574E+00, ...
    -0.2676406878547541E+00, 0.3656010440914417E+00, ...
    0.7517669252844423E+00, 0.9299482185727768E+00, ...
    0.8095208519693138E+00, -0.9105465384851248E-01, ...
    0.5754559865383174E-01, 0.7987833771715905E+00, ...
    0.4062222029583985E+00, -0.2917475248364298E+00, ...
    0.8341598642457054E+00, 0.9565675836400581E+00, ...
    0.9495501483452489E+00, -0.5027178324567889E+00, ...
    -0.6094294091525906E+00, -0.2041586923215633E+00, ...
    0.8735321107965007E+00, 0.8176411928945507E-01, ...
    0.5798716521493317E+00, 0.9747533229160877E+00, ...
    0.4095645350870887E+00, 0.2069198533007474E+00, ...
    -0.8800808072488089E+00, -0.2586645109021137E+00, ...
    -0.6284140921870087E+00, -0.9837391845052924E+00, ...
    0.6897557755650331E+00, 0.6214627043620098E+00, ...
    -0.9147932185865665E+00, 0.9683589014439020E+00, ...
    0.9722720243469519E+00, 0.3545312716884971E+00, ...
    -0.9265634816103003E+00, 0.9823681379288890E+00, ...
    0.6027221797612410E+00, 0.1550378502770828E+00, ...
    -0.7188423853605198E+00, -0.9880539732209580E+00, ...
    -0.3538081678676123E+00, -0.9848881983673942E+00, ...
    0.9503771401811550E+00, 0.9895536743716908E+00, ...
    -0.9877214291859133E+00, 0.6282240608226360E-01, ...
    0.8687973020715331E+00, -0.9993768714765972E+00, ...
    -0.8816819132287129E+00, -0.9024706682879141E+00, ...
    0.3779679396631332E+00, -0.1517734130495604E+00, ...
    -0.9719850622545042E+00, -0.9258604067050853E+00 ];
