function [ x, y, z, w ] = ld3890 ( )

%*****************************************************************************80;
%
%% LD3890 computes the 3890 point Lebedev angular grid.
%
%  Modified:
%
%    14 September 2010
%
%  Author:
%
%    Dmitri Laikov
%
%  Reference:
%
%    Vyacheslav Lebedev, Dmitri Laikov,
%    A quadrature formula for the sphere of the 131st
%    algebraic order of accuracy,
%    Russian Academy of Sciences Doklady Mathematics,
%    Volume 59, Number 3, 1999, pages 477-481.
%
%  Parameters:
%
%    Output, real X(N), Y(N), Z(N), W(N), the coordinates
%    and weights of the points.
%
  n = 0;
  x = zeros(3890,1);
  y = zeros(3890,1);
  z = zeros(3890,1);
  w = zeros(3890,1);
  a = 0.0;
  b = 0.0;
  v = 0.1807395252196920E-04;
  [ n, x, y, z, w ] = gen_oh ( 1, n, a, b, v, x, y, z, w );
  v = 0.2848008782238827E-03;
  [ n, x, y, z, w ] = gen_oh ( 2, n, a, b, v, x, y, z, w );
  v = 0.2836065837530581E-03;
  [ n, x, y, z, w ] = gen_oh ( 3, n, a, b, v, x, y, z, w );
  a = 0.1587876419858352E-01;
  v = 0.7013149266673816E-04;
  [ n, x, y, z, w ] = gen_oh ( 4, n, a, b, v, x, y, z, w );
  a = 0.4069193593751206E-01;
  v = 0.1162798021956766E-03;
  [ n, x, y, z, w ] = gen_oh ( 4, n, a, b, v, x, y, z, w );
  a = 0.7025888115257997E-01;
  v = 0.1518728583972105E-03;
  [ n, x, y, z, w ] = gen_oh ( 4, n, a, b, v, x, y, z, w );
  a = 0.1027495450028704;
  v = 0.1798796108216934E-03;
  [ n, x, y, z, w ] = gen_oh ( 4, n, a, b, v, x, y, z, w );
  a = 0.1371457730893426;
  v = 0.2022593385972785E-03;
  [ n, x, y, z, w ] = gen_oh ( 4, n, a, b, v, x, y, z, w );
  a = 0.1727758532671953;
  v = 0.2203093105575464E-03;
  [ n, x, y, z, w ] = gen_oh ( 4, n, a, b, v, x, y, z, w );
  a = 0.2091492038929037;
  v = 0.2349294234299855E-03;
  [ n, x, y, z, w ] = gen_oh ( 4, n, a, b, v, x, y, z, w );
  a = 0.2458813281751915;
  v = 0.2467682058747003E-03;
  [ n, x, y, z, w ] = gen_oh ( 4, n, a, b, v, x, y, z, w );
  a = 0.2826545859450066;
  v = 0.2563092683572224E-03;
  [ n, x, y, z, w ] = gen_oh ( 4, n, a, b, v, x, y, z, w );
  a = 0.3191957291799622;
  v = 0.2639253896763318E-03;
  [ n, x, y, z, w ] = gen_oh ( 4, n, a, b, v, x, y, z, w );
  a = 0.3552621469299578;
  v = 0.2699137479265108E-03;
  [ n, x, y, z, w ] = gen_oh ( 4, n, a, b, v, x, y, z, w );
  a = 0.3906329503406230;
  v = 0.2745196420166739E-03;
  [ n, x, y, z, w ] = gen_oh ( 4, n, a, b, v, x, y, z, w );
  a = 0.4251028614093031;
  v = 0.2779529197397593E-03;
  [ n, x, y, z, w ] = gen_oh ( 4, n, a, b, v, x, y, z, w );
  a = 0.4584777520111870;
  v = 0.2803996086684265E-03;
  [ n, x, y, z, w ] = gen_oh ( 4, n, a, b, v, x, y, z, w );
  a = 0.4905711358710193;
  v = 0.2820302356715842E-03;
  [ n, x, y, z, w ] = gen_oh ( 4, n, a, b, v, x, y, z, w );
  a = 0.5212011669847385;
  v = 0.2830056747491068E-03;
  [ n, x, y, z, w ] = gen_oh ( 4, n, a, b, v, x, y, z, w );
  a = 0.5501878488737995;
  v = 0.2834808950776839E-03;
  [ n, x, y, z, w ] = gen_oh ( 4, n, a, b, v, x, y, z, w );
  a = 0.6025037877479342;
  v = 0.2835282339078929E-03;
  [ n, x, y, z, w ] = gen_oh ( 4, n, a, b, v, x, y, z, w );
  a = 0.6254572689549016;
  v = 0.2833819267065800E-03;
  [ n, x, y, z, w ] = gen_oh ( 4, n, a, b, v, x, y, z, w );
  a = 0.6460107179528248;
  v = 0.2832858336906784E-03;
  [ n, x, y, z, w ] = gen_oh ( 4, n, a, b, v, x, y, z, w );
  a = 0.6639541138154251;
  v = 0.2833268235451244E-03;
  [ n, x, y, z, w ] = gen_oh ( 4, n, a, b, v, x, y, z, w );
  a = 0.6790688515667495;
  v = 0.2835432677029253E-03;
  [ n, x, y, z, w ] = gen_oh ( 4, n, a, b, v, x, y, z, w );
  a = 0.6911338580371512;
  v = 0.2839091722743049E-03;
  [ n, x, y, z, w ] = gen_oh ( 4, n, a, b, v, x, y, z, w );
  a = 0.6999385956126490;
  v = 0.2843308178875841E-03;
  [ n, x, y, z, w ] = gen_oh ( 4, n, a, b, v, x, y, z, w );
  a = 0.7053037748656896;
  v = 0.2846703550533846E-03;
  [ n, x, y, z, w ] = gen_oh ( 4, n, a, b, v, x, y, z, w );
  a = 0.4732224387180115E-01;
  v = 0.1051193406971900E-03;
  [ n, x, y, z, w ] = gen_oh ( 5, n, a, b, v, x, y, z, w );
  a = 0.1202100529326803;
  v = 0.1657871838796974E-03;
  [ n, x, y, z, w ] = gen_oh ( 5, n, a, b, v, x, y, z, w );
  a = 0.2034304820664855;
  v = 0.2064648113714232E-03;
  [ n, x, y, z, w ] = gen_oh ( 5, n, a, b, v, x, y, z, w );
  a = 0.2912285643573002;
  v = 0.2347942745819741E-03;
  [ n, x, y, z, w ] = gen_oh ( 5, n, a, b, v, x, y, z, w );
  a = 0.3802361792726768;
  v = 0.2547775326597726E-03;
  [ n, x, y, z, w ] = gen_oh ( 5, n, a, b, v, x, y, z, w );
  a = 0.4680598511056146;
  v = 0.2686876684847025E-03;
  [ n, x, y, z, w ] = gen_oh ( 5, n, a, b, v, x, y, z, w );
  a = 0.5528151052155599;
  v = 0.2778665755515867E-03;
  [ n, x, y, z, w ] = gen_oh ( 5, n, a, b, v, x, y, z, w );
  a = 0.6329386307803041;
  v = 0.2830996616782929E-03;
  [ n, x, y, z, w ] = gen_oh ( 5, n, a, b, v, x, y, z, w );
  a = 0.8056516651369069E-01;
  b = 0.2363454684003124E-01;
  v = 0.1403063340168372E-03;
  [ n, x, y, z, w ] = gen_oh ( 6, n, a, b, v, x, y, z, w );
  a = 0.1156476077139389;
  b = 0.5191291632545936E-01;
  v = 0.1696504125939477E-03;
  [ n, x, y, z, w ] = gen_oh ( 6, n, a, b, v, x, y, z, w );
  a = 0.1520473382760421;
  b = 0.8322715736994519E-01;
  v = 0.1935787242745390E-03;
  [ n, x, y, z, w ] = gen_oh ( 6, n, a, b, v, x, y, z, w );
  a = 0.1892986699745931;
  b = 0.1165855667993712;
  v = 0.2130614510521968E-03;
  [ n, x, y, z, w ] = gen_oh ( 6, n, a, b, v, x, y, z, w );
  a = 0.2270194446777792;
  b = 0.1513077167409504;
  v = 0.2289381265931048E-03;
  [ n, x, y, z, w ] = gen_oh ( 6, n, a, b, v, x, y, z, w );
  a = 0.2648908185093273;
  b = 0.1868882025807859;
  v = 0.2418630292816186E-03;
  [ n, x, y, z, w ] = gen_oh ( 6, n, a, b, v, x, y, z, w );
  a = 0.3026389259574136;
  b = 0.2229277629776224;
  v = 0.2523400495631193E-03;
  [ n, x, y, z, w ] = gen_oh ( 6, n, a, b, v, x, y, z, w );
  a = 0.3400220296151384;
  b = 0.2590951840746235;
  v = 0.2607623973449605E-03;
  [ n, x, y, z, w ] = gen_oh ( 6, n, a, b, v, x, y, z, w );
  a = 0.3768217953335510;
  b = 0.2951047291750847;
  v = 0.2674441032689209E-03;
  [ n, x, y, z, w ] = gen_oh ( 6, n, a, b, v, x, y, z, w );
  a = 0.4128372900921884;
  b = 0.3307019714169930;
  v = 0.2726432360343356E-03;
  [ n, x, y, z, w ] = gen_oh ( 6, n, a, b, v, x, y, z, w );
  a = 0.4478807131815630;
  b = 0.3656544101087634;
  v = 0.2765787685924545E-03;
  [ n, x, y, z, w ] = gen_oh ( 6, n, a, b, v, x, y, z, w );
  a = 0.4817742034089257;
  b = 0.3997448951939695;
  v = 0.2794428690642224E-03;
  [ n, x, y, z, w ] = gen_oh ( 6, n, a, b, v, x, y, z, w );
  a = 0.5143472814653344;
  b = 0.4327667110812024;
  v = 0.2814099002062895E-03;
  [ n, x, y, z, w ] = gen_oh ( 6, n, a, b, v, x, y, z, w );
  a = 0.5454346213905650;
  b = 0.4645196123532293;
  v = 0.2826429531578994E-03;
  [ n, x, y, z, w ] = gen_oh ( 6, n, a, b, v, x, y, z, w );
  a = 0.5748739313170252;
  b = 0.4948063555703345;
  v = 0.2832983542550884E-03;
  [ n, x, y, z, w ] = gen_oh ( 6, n, a, b, v, x, y, z, w );
  a = 0.1599598738286342;
  b = 0.2792357590048985E-01;
  v = 0.1886695565284976E-03;
  [ n, x, y, z, w ] = gen_oh ( 6, n, a, b, v, x, y, z, w );
  a = 0.1998097412500951;
  b = 0.5877141038139065E-01;
  v = 0.2081867882748234E-03;
  [ n, x, y, z, w ] = gen_oh ( 6, n, a, b, v, x, y, z, w );
  a = 0.2396228952566202;
  b = 0.9164573914691377E-01;
  v = 0.2245148680600796E-03;
  [ n, x, y, z, w ] = gen_oh ( 6, n, a, b, v, x, y, z, w );
  a = 0.2792228341097746;
  b = 0.1259049641962687;
  v = 0.2380370491511872E-03;
  [ n, x, y, z, w ] = gen_oh ( 6, n, a, b, v, x, y, z, w );
  a = 0.3184251107546741;
  b = 0.1610594823400863;
  v = 0.2491398041852455E-03;
  [ n, x, y, z, w ] = gen_oh ( 6, n, a, b, v, x, y, z, w );
  a = 0.3570481164426244;
  b = 0.1967151653460898;
  v = 0.2581632405881230E-03;
  [ n, x, y, z, w ] = gen_oh ( 6, n, a, b, v, x, y, z, w );
  a = 0.3949164710492144;
  b = 0.2325404606175168;
  v = 0.2653965506227417E-03;
  [ n, x, y, z, w ] = gen_oh ( 6, n, a, b, v, x, y, z, w );
