function [ x, y, z, w ] = ld4802 ( )

%*****************************************************************************80;
%
%% LD4802 computes the 4802 point Lebedev angular grid.
%
%  Modified:
%
%    14 September 2010
%
%  Author:
%
%    Dmitri Laikov
%
%  Reference:
%
%    Vyacheslav Lebedev, Dmitri Laikov,
%    A quadrature formula for the sphere of the 131st
%    algebraic order of accuracy,
%    Russian Academy of Sciences Doklady Mathematics,
%    Volume 59, Number 3, 1999, pages 477-481.
%
%  Parameters:
%
%    Output, real X(N), Y(N), Z(N), W(N), the coordinates
%    and weights of the points.
%
  n = 0;
  x = zeros(4802,1);
  y = zeros(4802,1);
  z = zeros(4802,1);
  w = zeros(4802,1);
  a = 0.0;
  b = 0.0;
  v = 0.9687521879420705E-04;
  [ n, x, y, z, w ] = gen_oh ( 1, n, a, b, v, x, y, z, w );
  v = 0.2307897895367918E-03;
  [ n, x, y, z, w ] = gen_oh ( 2, n, a, b, v, x, y, z, w );
  v = 0.2297310852498558E-03;
  [ n, x, y, z, w ] = gen_oh ( 3, n, a, b, v, x, y, z, w );
  a = 0.2335728608887064E-01;
  v = 0.7386265944001919E-04;
  [ n, x, y, z, w ] = gen_oh ( 4, n, a, b, v, x, y, z, w );
  a = 0.4352987836550653E-01;
  v = 0.8257977698542210E-04;
  [ n, x, y, z, w ] = gen_oh ( 4, n, a, b, v, x, y, z, w );
  a = 0.6439200521088801E-01;
  v = 0.9706044762057630E-04;
  [ n, x, y, z, w ] = gen_oh ( 4, n, a, b, v, x, y, z, w );
  a = 0.9003943631993181E-01;
  v = 0.1302393847117003E-03;
  [ n, x, y, z, w ] = gen_oh ( 4, n, a, b, v, x, y, z, w );
  a = 0.1196706615548473;
  v = 0.1541957004600968E-03;
  [ n, x, y, z, w ] = gen_oh ( 4, n, a, b, v, x, y, z, w );
  a = 0.1511715412838134;
  v = 0.1704459770092199E-03;
  [ n, x, y, z, w ] = gen_oh ( 4, n, a, b, v, x, y, z, w );
  a = 0.1835982828503801;
  v = 0.1827374890942906E-03;
  [ n, x, y, z, w ] = gen_oh ( 4, n, a, b, v, x, y, z, w );
  a = 0.2165081259155405;
  v = 0.1926360817436107E-03;
  [ n, x, y, z, w ] = gen_oh ( 4, n, a, b, v, x, y, z, w );
  a = 0.2496208720417563;
  v = 0.2008010239494833E-03;
  [ n, x, y, z, w ] = gen_oh ( 4, n, a, b, v, x, y, z, w );
  a = 0.2827200673567900;
  v = 0.2075635983209175E-03;
  [ n, x, y, z, w ] = gen_oh ( 4, n, a, b, v, x, y, z, w );
  a = 0.3156190823994346;
  v = 0.2131306638690909E-03;
  [ n, x, y, z, w ] = gen_oh ( 4, n, a, b, v, x, y, z, w );
  a = 0.3481476793749115;
  v = 0.2176562329937335E-03;
  [ n, x, y, z, w ] = gen_oh ( 4, n, a, b, v, x, y, z, w );
  a = 0.3801466086947226;
  v = 0.2212682262991018E-03;
  [ n, x, y, z, w ] = gen_oh ( 4, n, a, b, v, x, y, z, w );
  a = 0.4114652119634011;
  v = 0.2240799515668565E-03;
  [ n, x, y, z, w ] = gen_oh ( 4, n, a, b, v, x, y, z, w );
  a = 0.4419598786519751;
  v = 0.2261959816187525E-03;
  [ n, x, y, z, w ] = gen_oh ( 4, n, a, b, v, x, y, z, w );
  a = 0.4714925949329543;
  v = 0.2277156368808855E-03;
  [ n, x, y, z, w ] = gen_oh ( 4, n, a, b, v, x, y, z, w );
  a = 0.4999293972879466;
  v = 0.2287351772128336E-03;
  [ n, x, y, z, w ] = gen_oh ( 4, n, a, b, v, x, y, z, w );
  a = 0.5271387221431248;
  v = 0.2293490814084085E-03;
  [ n, x, y, z, w ] = gen_oh ( 4, n, a, b, v, x, y, z, w );
  a = 0.5529896780837761;
  v = 0.2296505312376273E-03;
  [ n, x, y, z, w ] = gen_oh ( 4, n, a, b, v, x, y, z, w );
  a = 0.6000856099481712;
  v = 0.2296793832318756E-03;
  [ n, x, y, z, w ] = gen_oh ( 4, n, a, b, v, x, y, z, w );
  a = 0.6210562192785175;
  v = 0.2295785443842974E-03;
  [ n, x, y, z, w ] = gen_oh ( 4, n, a, b, v, x, y, z, w );
  a = 0.6401165879934240;
  v = 0.2295017931529102E-03;
  [ n, x, y, z, w ] = gen_oh ( 4, n, a, b, v, x, y, z, w );
  a = 0.6571144029244334;
  v = 0.2295059638184868E-03;
  [ n, x, y, z, w ] = gen_oh ( 4, n, a, b, v, x, y, z, w );
  a = 0.6718910821718863;
  v = 0.2296232343237362E-03;
  [ n, x, y, z, w ] = gen_oh ( 4, n, a, b, v, x, y, z, w );
  a = 0.6842845591099010;
  v = 0.2298530178740771E-03;
  [ n, x, y, z, w ] = gen_oh ( 4, n, a, b, v, x, y, z, w );
  a = 0.6941353476269816;
  v = 0.2301579790280501E-03;
  [ n, x, y, z, w ] = gen_oh ( 4, n, a, b, v, x, y, z, w );
  a = 0.7012965242212991;
  v = 0.2304690404996513E-03;
  [ n, x, y, z, w ] = gen_oh ( 4, n, a, b, v, x, y, z, w );
  a = 0.7056471428242644;
  v = 0.2307027995907102E-03;
  [ n, x, y, z, w ] = gen_oh ( 4, n, a, b, v, x, y, z, w );
  a = 0.4595557643585895E-01;
  v = 0.9312274696671092E-04;
  [ n, x, y, z, w ] = gen_oh ( 5, n, a, b, v, x, y, z, w );
  a = 0.1049316742435023;
  v = 0.1199919385876926E-03;
  [ n, x, y, z, w ] = gen_oh ( 5, n, a, b, v, x, y, z, w );
  a = 0.1773548879549274;
  v = 0.1598039138877690E-03;
  [ n, x, y, z, w ] = gen_oh ( 5, n, a, b, v, x, y, z, w );
  a = 0.2559071411236127;
  v = 0.1822253763574900E-03;
  [ n, x, y, z, w ] = gen_oh ( 5, n, a, b, v, x, y, z, w );
  a = 0.3358156837985898;
  v = 0.1988579593655040E-03;
  [ n, x, y, z, w ] = gen_oh ( 5, n, a, b, v, x, y, z, w );
  a = 0.4155835743763893;
  v = 0.2112620102533307E-03;
  [ n, x, y, z, w ] = gen_oh ( 5, n, a, b, v, x, y, z, w );
  a = 0.4937894296167472;
  v = 0.2201594887699007E-03;
  [ n, x, y, z, w ] = gen_oh ( 5, n, a, b, v, x, y, z, w );
  a = 0.5691569694793316;
  v = 0.2261622590895036E-03;
  [ n, x, y, z, w ] = gen_oh ( 5, n, a, b, v, x, y, z, w );
  a = 0.6405840854894251;
  v = 0.2296458453435705E-03;
  [ n, x, y, z, w ] = gen_oh ( 5, n, a, b, v, x, y, z, w );
  a = 0.7345133894143348E-01;
  b = 0.2177844081486067E-01;
  v = 0.1006006990267000E-03;
  [ n, x, y, z, w ] = gen_oh ( 6, n, a, b, v, x, y, z, w );
  a = 0.1009859834044931;
  b = 0.4590362185775188E-01;
  v = 0.1227676689635876E-03;
  [ n, x, y, z, w ] = gen_oh ( 6, n, a, b, v, x, y, z, w );
  a = 0.1324289619748758;
  b = 0.7255063095690877E-01;
  v = 0.1467864280270117E-03;
  [ n, x, y, z, w ] = gen_oh ( 6, n, a, b, v, x, y, z, w );
  a = 0.1654272109607127;
  b = 0.1017825451960684;
  v = 0.1644178912101232E-03;
  [ n, x, y, z, w ] = gen_oh ( 6, n, a, b, v, x, y, z, w );
  a = 0.1990767186776461;
  b = 0.1325652320980364;
  v = 0.1777664890718961E-03;
  [ n, x, y, z, w ] = gen_oh ( 6, n, a, b, v, x, y, z, w );
  a = 0.2330125945523278;
  b = 0.1642765374496765;
  v = 0.1884825664516690E-03;
  [ n, x, y, z, w ] = gen_oh ( 6, n, a, b, v, x, y, z, w );
  a = 0.2670080611108287;
  b = 0.1965360374337889;
  v = 0.1973269246453848E-03;
  [ n, x, y, z, w ] = gen_oh ( 6, n, a, b, v, x, y, z, w );
  a = 0.3008753376294316;
  b = 0.2290726770542238;
  v = 0.2046767775855328E-03;
  [ n, x, y, z, w ] = gen_oh ( 6, n, a, b, v, x, y, z, w );
  a = 0.3344475596167860;
  b = 0.2616645495370823;
  v = 0.2107600125918040E-03;
  [ n, x, y, z, w ] = gen_oh ( 6, n, a, b, v, x, y, z, w );
  a = 0.3675709724070786;
  b = 0.2941150728843141;
  v = 0.2157416362266829E-03;
  [ n, x, y, z, w ] = gen_oh ( 6, n, a, b, v, x, y, z, w );
  a = 0.4001000887587812;
  b = 0.3262440400919066;
  v = 0.2197557816920721E-03;
  [ n, x, y, z, w ] = gen_oh ( 6, n, a, b, v, x, y, z, w );
  a = 0.4318956350436028;
  b = 0.3578835350611916;
  v = 0.2229192611835437E-03;
  [ n, x, y, z, w ] = gen_oh ( 6, n, a, b, v, x, y, z, w );
  a = 0.4628239056795531;
  b = 0.3888751854043678;
  v = 0.2253385110212775E-03;
  [ n, x, y, z, w ] = gen_oh ( 6, n, a, b, v, x, y, z, w );
  a = 0.4927563229773636;
  b = 0.4190678003222840;
  v = 0.2271137107548774E-03;
  [ n, x, y, z, w ] = gen_oh ( 6, n, a, b, v, x, y, z, w );
  a = 0.5215687136707969;
  b = 0.4483151836883852;
  v = 0.2283414092917525E-03;
  [ n, x, y, z, w ] = gen_oh ( 6, n, a, b, v, x, y, z, w );
  a = 0.5491402346984905;
  b = 0.4764740676087880;
  v = 0.2291161673130077E-03;
  [ n, x, y, z, w ] = gen_oh ( 6, n, a, b, v, x, y, z, w );
  a = 0.5753520160126075;
  b = 0.5034021310998277;
  v = 0.2295313908576598E-03;
  [ n, x, y, z, w ] = gen_oh ( 6, n, a, b, v, x, y, z, w );
  a = 0.1388326356417754;
  b = 0.2435436510372806E-01;
  v = 0.1438204721359031E-03;
  [ n, x, y, z, w ] = gen_oh ( 6, n, a, b, v, x, y, z, w );
  a = 0.1743686900537244;
  b = 0.5118897057342652E-01;
  v = 0.1607738025495257E-03;
