function [ x, y, z, w ] = ld5294 ( )

%*****************************************************************************80;
%
%% LD5294 computes the 5294 point Lebedev angular grid.
%
%  Modified:
%
%    14 September 2010
%
%  Author:
%
%    Dmitri Laikov
%
%  Reference:
%
%    Vyacheslav Lebedev, Dmitri Laikov,
%    A quadrature formula for the sphere of the 131st
%    algebraic order of accuracy,
%    Russian Academy of Sciences Doklady Mathematics,
%    Volume 59, Number 3, 1999, pages 477-481.
%
%  Parameters:
%
%    Output, real X(N), Y(N), Z(N), W(N), the coordinates
%    and weights of the points.
%
  n = 0;
  x = zeros(5294,1);
  y = zeros(5294,1);
  z = zeros(5294,1);
  w = zeros(5294,1);
  a = 0.0;
  b = 0.0;
  v = 0.9080510764308163E-04;
  [ n, x, y, z, w ] = gen_oh ( 1, n, a, b, v, x, y, z, w );
  v = 0.2084824361987793E-03;
  [ n, x, y, z, w ] = gen_oh ( 3, n, a, b, v, x, y, z, w );
  a = 0.2303261686261450E-01;
  v = 0.5011105657239616E-04;
  [ n, x, y, z, w ] = gen_oh ( 4, n, a, b, v, x, y, z, w );
  a = 0.3757208620162394E-01;
  v = 0.5942520409683854E-04;
  [ n, x, y, z, w ] = gen_oh ( 4, n, a, b, v, x, y, z, w );
  a = 0.5821912033821852E-01;
  v = 0.9564394826109721E-04;
  [ n, x, y, z, w ] = gen_oh ( 4, n, a, b, v, x, y, z, w );
  a = 0.8403127529194872E-01;
  v = 0.1185530657126338E-03;
  [ n, x, y, z, w ] = gen_oh ( 4, n, a, b, v, x, y, z, w );
  a = 0.1122927798060578;
  v = 0.1364510114230331E-03;
  [ n, x, y, z, w ] = gen_oh ( 4, n, a, b, v, x, y, z, w );
  a = 0.1420125319192987;
  v = 0.1505828825605415E-03;
  [ n, x, y, z, w ] = gen_oh ( 4, n, a, b, v, x, y, z, w );
  a = 0.1726396437341978;
  v = 0.1619298749867023E-03;
  [ n, x, y, z, w ] = gen_oh ( 4, n, a, b, v, x, y, z, w );
  a = 0.2038170058115696;
  v = 0.1712450504267789E-03;
  [ n, x, y, z, w ] = gen_oh ( 4, n, a, b, v, x, y, z, w );
  a = 0.2352849892876508;
  v = 0.1789891098164999E-03;
  [ n, x, y, z, w ] = gen_oh ( 4, n, a, b, v, x, y, z, w );
  a = 0.2668363354312461;
  v = 0.1854474955629795E-03;
  [ n, x, y, z, w ] = gen_oh ( 4, n, a, b, v, x, y, z, w );
  a = 0.2982941279900452;
  v = 0.1908148636673661E-03;
  [ n, x, y, z, w ] = gen_oh ( 4, n, a, b, v, x, y, z, w );
  a = 0.3295002922087076;
  v = 0.1952377405281833E-03;
  [ n, x, y, z, w ] = gen_oh ( 4, n, a, b, v, x, y, z, w );
  a = 0.3603094918363593;
  v = 0.1988349254282232E-03;
  [ n, x, y, z, w ] = gen_oh ( 4, n, a, b, v, x, y, z, w );
  a = 0.3905857895173920;
  v = 0.2017079807160050E-03;
  [ n, x, y, z, w ] = gen_oh ( 4, n, a, b, v, x, y, z, w );
  a = 0.4202005758160837;
  v = 0.2039473082709094E-03;
  [ n, x, y, z, w ] = gen_oh ( 4, n, a, b, v, x, y, z, w );
  a = 0.4490310061597227;
  v = 0.2056360279288953E-03;
  [ n, x, y, z, w ] = gen_oh ( 4, n, a, b, v, x, y, z, w );
  a = 0.4769586160311491;
  v = 0.2068525823066865E-03;
  [ n, x, y, z, w ] = gen_oh ( 4, n, a, b, v, x, y, z, w );
  a = 0.5038679887049750;
  v = 0.2076724877534488E-03;
  [ n, x, y, z, w ] = gen_oh ( 4, n, a, b, v, x, y, z, w );
  a = 0.5296454286519961;
  v = 0.2081694278237885E-03;
  [ n, x, y, z, w ] = gen_oh ( 4, n, a, b, v, x, y, z, w );
  a = 0.5541776207164850;
  v = 0.2084157631219326E-03;
  [ n, x, y, z, w ] = gen_oh ( 4, n, a, b, v, x, y, z, w );
  a = 0.5990467321921213;
  v = 0.2084381531128593E-03;
  [ n, x, y, z, w ] = gen_oh ( 4, n, a, b, v, x, y, z, w );
  a = 0.6191467096294587;
  v = 0.2083476277129307E-03;
  [ n, x, y, z, w ] = gen_oh ( 4, n, a, b, v, x, y, z, w );
  a = 0.6375251212901849;
  v = 0.2082686194459732E-03;
  [ n, x, y, z, w ] = gen_oh ( 4, n, a, b, v, x, y, z, w );
  a = 0.6540514381131168;
  v = 0.2082475686112415E-03;
  [ n, x, y, z, w ] = gen_oh ( 4, n, a, b, v, x, y, z, w );
  a = 0.6685899064391510;
  v = 0.2083139860289915E-03;
  [ n, x, y, z, w ] = gen_oh ( 4, n, a, b, v, x, y, z, w );
  a = 0.6810013009681648;
  v = 0.2084745561831237E-03;
  [ n, x, y, z, w ] = gen_oh ( 4, n, a, b, v, x, y, z, w );
  a = 0.6911469578730340;
  v = 0.2087091313375890E-03;
  [ n, x, y, z, w ] = gen_oh ( 4, n, a, b, v, x, y, z, w );
  a = 0.6988956915141736;
  v = 0.2089718413297697E-03;
  [ n, x, y, z, w ] = gen_oh ( 4, n, a, b, v, x, y, z, w );
  a = 0.7041335794868720;
  v = 0.2092003303479793E-03;
  [ n, x, y, z, w ] = gen_oh ( 4, n, a, b, v, x, y, z, w );
  a = 0.7067754398018567;
  v = 0.2093336148263241E-03;
  [ n, x, y, z, w ] = gen_oh ( 4, n, a, b, v, x, y, z, w );
  a = 0.3840368707853623E-01;
  v = 0.7591708117365267E-04;
  [ n, x, y, z, w ] = gen_oh ( 5, n, a, b, v, x, y, z, w );
  a = 0.9835485954117399E-01;
  v = 0.1083383968169186E-03;
  [ n, x, y, z, w ] = gen_oh ( 5, n, a, b, v, x, y, z, w );
  a = 0.1665774947612998;
  v = 0.1403019395292510E-03;
  [ n, x, y, z, w ] = gen_oh ( 5, n, a, b, v, x, y, z, w );
  a = 0.2405702335362910;
  v = 0.1615970179286436E-03;
  [ n, x, y, z, w ] = gen_oh ( 5, n, a, b, v, x, y, z, w );
  a = 0.3165270770189046;
  v = 0.1771144187504911E-03;
  [ n, x, y, z, w ] = gen_oh ( 5, n, a, b, v, x, y, z, w );
  a = 0.3927386145645443;
  v = 0.1887760022988168E-03;
  [ n, x, y, z, w ] = gen_oh ( 5, n, a, b, v, x, y, z, w );
  a = 0.4678825918374656;
  v = 0.1973474670768214E-03;
  [ n, x, y, z, w ] = gen_oh ( 5, n, a, b, v, x, y, z, w );
  a = 0.5408022024266935;
  v = 0.2033787661234659E-03;
  [ n, x, y, z, w ] = gen_oh ( 5, n, a, b, v, x, y, z, w );
  a = 0.6104967445752438;
  v = 0.2072343626517331E-03;
  [ n, x, y, z, w ] = gen_oh ( 5, n, a, b, v, x, y, z, w );
  a = 0.6760910702685738;
  v = 0.2091177834226918E-03;
  [ n, x, y, z, w ] = gen_oh ( 5, n, a, b, v, x, y, z, w );
  a = 0.6655644120217392E-01;
  b = 0.1936508874588424E-01;
  v = 0.9316684484675566E-04;
  [ n, x, y, z, w ] = gen_oh ( 6, n, a, b, v, x, y, z, w );
  a = 0.9446246161270182E-01;
  b = 0.4252442002115869E-01;
  v = 0.1116193688682976E-03;
  [ n, x, y, z, w ] = gen_oh ( 6, n, a, b, v, x, y, z, w );
  a = 0.1242651925452509;
  b = 0.6806529315354374E-01;
  v = 0.1298623551559414E-03;
  [ n, x, y, z, w ] = gen_oh ( 6, n, a, b, v, x, y, z, w );
  a = 0.1553438064846751;
  b = 0.9560957491205369E-01;
  v = 0.1450236832456426E-03;
  [ n, x, y, z, w ] = gen_oh ( 6, n, a, b, v, x, y, z, w );
  a = 0.1871137110542670;
  b = 0.1245931657452888;
  v = 0.1572719958149914E-03;
  [ n, x, y, z, w ] = gen_oh ( 6, n, a, b, v, x, y, z, w );
  a = 0.2192612628836257;
  b = 0.1545385828778978;
  v = 0.1673234785867195E-03;
  [ n, x, y, z, w ] = gen_oh ( 6, n, a, b, v, x, y, z, w );
  a = 0.2515682807206955;
  b = 0.1851004249723368;
  v = 0.1756860118725188E-03;
  [ n, x, y, z, w ] = gen_oh ( 6, n, a, b, v, x, y, z, w );
  a = 0.2838535866287290;
  b = 0.2160182608272384;
  v = 0.1826776290439367E-03;
  [ n, x, y, z, w ] = gen_oh ( 6, n, a, b, v, x, y, z, w );
  a = 0.3159578817528521;
  b = 0.2470799012277111;
  v = 0.1885116347992865E-03;
  [ n, x, y, z, w ] = gen_oh ( 6, n, a, b, v, x, y, z, w );
  a = 0.3477370882791392;
  b = 0.2781014208986402;
  v = 0.1933457860170574E-03;
  [ n, x, y, z, w ] = gen_oh ( 6, n, a, b, v, x, y, z, w );
  a = 0.3790576960890540;
  b = 0.3089172523515731;
  v = 0.1973060671902064E-03;
  [ n, x, y, z, w ] = gen_oh ( 6, n, a, b, v, x, y, z, w );
  a = 0.4097938317810200;
  b = 0.3393750055472244;
  v = 0.2004987099616311E-03;
  [ n, x, y, z, w ] = gen_oh ( 6, n, a, b, v, x, y, z, w );
  a = 0.4398256572859637;
  b = 0.3693322470987730;
  v = 0.2030170909281499E-03;
  [ n, x, y, z, w ] = gen_oh ( 6, n, a, b, v, x, y, z, w );
  a = 0.4690384114718480;
  b = 0.3986541005609877;
  v = 0.2049461460119080E-03;
  [ n, x, y, z, w ] = gen_oh ( 6, n, a, b, v, x, y, z, w );
  a = 0.4973216048301053;
  b = 0.4272112491408562;
  v = 0.2063653565200186E-03;
  [ n, x, y, z, w ] = gen_oh ( 6, n, a, b, v, x, y, z, w );
  a = 0.5245681526132446;
  b = 0.4548781735309936;
  v = 0.2073507927381027E-03;
  [ n, x, y, z, w ] = gen_oh ( 6, n, a, b, v, x, y, z, w );
  a = 0.5506733911803888;
  b = 0.4815315355023251;
  v = 0.2079764593256122E-03;
