function [ x, y, z, w ] = ld5810 ( )

%*****************************************************************************80;
%
%% LD5810 computes the 5810 point Lebedev angular grid.
%
%  Modified:
%
%    14 September 2010
%
%  Author:
%
%    Dmitri Laikov
%
%  Reference:
%
%    Vyacheslav Lebedev, Dmitri Laikov,
%    A quadrature formula for the sphere of the 131st
%    algebraic order of accuracy,
%    Russian Academy of Sciences Doklady Mathematics,
%    Volume 59, Number 3, 1999, pages 477-481.
%
%  Parameters:
%
%    Output, real X(N), Y(N), Z(N), W(N), the coordinates
%    and weights of the points.
%
  n = 0;
  x = zeros(5810,1);
  y = zeros(5810,1);
  z = zeros(5810,1);
  w = zeros(5810,1);
  a = 0.0;
  b = 0.0;
  v = 0.9735347946175486E-05;
  [ n, x, y, z, w ] = gen_oh ( 1, n, a, b, v, x, y, z, w );
  v = 0.1907581241803167E-03;
  [ n, x, y, z, w ] = gen_oh ( 2, n, a, b, v, x, y, z, w );
  v = 0.1901059546737578E-03;
  [ n, x, y, z, w ] = gen_oh ( 3, n, a, b, v, x, y, z, w );
  a = 0.1182361662400277E-01;
  v = 0.3926424538919212E-04;
  [ n, x, y, z, w ] = gen_oh ( 4, n, a, b, v, x, y, z, w );
  a = 0.3062145009138958E-01;
  v = 0.6667905467294382E-04;
  [ n, x, y, z, w ] = gen_oh ( 4, n, a, b, v, x, y, z, w );
  a = 0.5329794036834243E-01;
  v = 0.8868891315019135E-04;
  [ n, x, y, z, w ] = gen_oh ( 4, n, a, b, v, x, y, z, w );
  a = 0.7848165532862220E-01;
  v = 0.1066306000958872E-03;
  [ n, x, y, z, w ] = gen_oh ( 4, n, a, b, v, x, y, z, w );
  a = 0.1054038157636201;
  v = 0.1214506743336128E-03;
  [ n, x, y, z, w ] = gen_oh ( 4, n, a, b, v, x, y, z, w );
  a = 0.1335577797766211;
  v = 0.1338054681640871E-03;
  [ n, x, y, z, w ] = gen_oh ( 4, n, a, b, v, x, y, z, w );
  a = 0.1625769955502252;
  v = 0.1441677023628504E-03;
  [ n, x, y, z, w ] = gen_oh ( 4, n, a, b, v, x, y, z, w );
  a = 0.1921787193412792;
  v = 0.1528880200826557E-03;
  [ n, x, y, z, w ] = gen_oh ( 4, n, a, b, v, x, y, z, w );
  a = 0.2221340534690548;
  v = 0.1602330623773609E-03;
  [ n, x, y, z, w ] = gen_oh ( 4, n, a, b, v, x, y, z, w );
  a = 0.2522504912791132;
  v = 0.1664102653445244E-03;
  [ n, x, y, z, w ] = gen_oh ( 4, n, a, b, v, x, y, z, w );
  a = 0.2823610860679697;
  v = 0.1715845854011323E-03;
  [ n, x, y, z, w ] = gen_oh ( 4, n, a, b, v, x, y, z, w );
  a = 0.3123173966267560;
  v = 0.1758901000133069E-03;
  [ n, x, y, z, w ] = gen_oh ( 4, n, a, b, v, x, y, z, w );
  a = 0.3419847036953789;
  v = 0.1794382485256736E-03;
  [ n, x, y, z, w ] = gen_oh ( 4, n, a, b, v, x, y, z, w );
  a = 0.3712386456999758;
  v = 0.1823238106757407E-03;
  [ n, x, y, z, w ] = gen_oh ( 4, n, a, b, v, x, y, z, w );
  a = 0.3999627649876828;
  v = 0.1846293252959976E-03;
  [ n, x, y, z, w ] = gen_oh ( 4, n, a, b, v, x, y, z, w );
  a = 0.4280466458648093;
  v = 0.1864284079323098E-03;
  [ n, x, y, z, w ] = gen_oh ( 4, n, a, b, v, x, y, z, w );
  a = 0.4553844360185711;
  v = 0.1877882694626914E-03;
  [ n, x, y, z, w ] = gen_oh ( 4, n, a, b, v, x, y, z, w );
  a = 0.4818736094437834;
  v = 0.1887716321852025E-03;
  [ n, x, y, z, w ] = gen_oh ( 4, n, a, b, v, x, y, z, w );
  a = 0.5074138709260629;
  v = 0.1894381638175673E-03;
  [ n, x, y, z, w ] = gen_oh ( 4, n, a, b, v, x, y, z, w );
  a = 0.5319061304570707;
  v = 0.1898454899533629E-03;
  [ n, x, y, z, w ] = gen_oh ( 4, n, a, b, v, x, y, z, w );
  a = 0.5552514978677286;
  v = 0.1900497929577815E-03;
  [ n, x, y, z, w ] = gen_oh ( 4, n, a, b, v, x, y, z, w );
  a = 0.5981009025246183;
  v = 0.1900671501924092E-03;
  [ n, x, y, z, w ] = gen_oh ( 4, n, a, b, v, x, y, z, w );
  a = 0.6173990192228116;
  v = 0.1899837555533510E-03;
  [ n, x, y, z, w ] = gen_oh ( 4, n, a, b, v, x, y, z, w );
  a = 0.6351365239411131;
  v = 0.1899014113156229E-03;
  [ n, x, y, z, w ] = gen_oh ( 4, n, a, b, v, x, y, z, w );
  a = 0.6512010228227200;
  v = 0.1898581257705106E-03;
  [ n, x, y, z, w ] = gen_oh ( 4, n, a, b, v, x, y, z, w );
  a = 0.6654758363948120;
  v = 0.1898804756095753E-03;
  [ n, x, y, z, w ] = gen_oh ( 4, n, a, b, v, x, y, z, w );
  a = 0.6778410414853370;
  v = 0.1899793610426402E-03;
  [ n, x, y, z, w ] = gen_oh ( 4, n, a, b, v, x, y, z, w );
  a = 0.6881760887484110;
  v = 0.1901464554844117E-03;
  [ n, x, y, z, w ] = gen_oh ( 4, n, a, b, v, x, y, z, w );
  a = 0.6963645267094598;
  v = 0.1903533246259542E-03;
  [ n, x, y, z, w ] = gen_oh ( 4, n, a, b, v, x, y, z, w );
  a = 0.7023010617153579;
  v = 0.1905556158463228E-03;
  [ n, x, y, z, w ] = gen_oh ( 4, n, a, b, v, x, y, z, w );
  a = 0.7059004636628753;
  v = 0.1907037155663528E-03;
  [ n, x, y, z, w ] = gen_oh ( 4, n, a, b, v, x, y, z, w );
  a = 0.3552470312472575E-01;
  v = 0.5992997844249967E-04;
  [ n, x, y, z, w ] = gen_oh ( 5, n, a, b, v, x, y, z, w );
  a = 0.9151176620841283E-01;
  v = 0.9749059382456978E-04;
  [ n, x, y, z, w ] = gen_oh ( 5, n, a, b, v, x, y, z, w );
  a = 0.1566197930068980;
  v = 0.1241680804599158E-03;
  [ n, x, y, z, w ] = gen_oh ( 5, n, a, b, v, x, y, z, w );
  a = 0.2265467599271907;
  v = 0.1437626154299360E-03;
  [ n, x, y, z, w ] = gen_oh ( 5, n, a, b, v, x, y, z, w );
  a = 0.2988242318581361;
  v = 0.1584200054793902E-03;
  [ n, x, y, z, w ] = gen_oh ( 5, n, a, b, v, x, y, z, w );
  a = 0.3717482419703886;
  v = 0.1694436550982744E-03;
  [ n, x, y, z, w ] = gen_oh ( 5, n, a, b, v, x, y, z, w );
  a = 0.4440094491758889;
  v = 0.1776617014018108E-03;
  [ n, x, y, z, w ] = gen_oh ( 5, n, a, b, v, x, y, z, w );
  a = 0.5145337096756642;
  v = 0.1836132434440077E-03;
  [ n, x, y, z, w ] = gen_oh ( 5, n, a, b, v, x, y, z, w );
  a = 0.5824053672860230;
  v = 0.1876494727075983E-03;
  [ n, x, y, z, w ] = gen_oh ( 5, n, a, b, v, x, y, z, w );
  a = 0.6468283961043370;
  v = 0.1899906535336482E-03;
  [ n, x, y, z, w ] = gen_oh ( 5, n, a, b, v, x, y, z, w );
  a = 0.6095964259104373E-01;
  b = 0.1787828275342931E-01;
  v = 0.8143252820767350E-04;
  [ n, x, y, z, w ] = gen_oh ( 6, n, a, b, v, x, y, z, w );
  a = 0.8811962270959388E-01;
  b = 0.3953888740792096E-01;
  v = 0.9998859890887728E-04;
  [ n, x, y, z, w ] = gen_oh ( 6, n, a, b, v, x, y, z, w );
  a = 0.1165936722428831;
  b = 0.6378121797722990E-01;
  v = 0.1156199403068359E-03;
  [ n, x, y, z, w ] = gen_oh ( 6, n, a, b, v, x, y, z, w );
  a = 0.1460232857031785;
  b = 0.8985890813745037E-01;
  v = 0.1287632092635513E-03;
  [ n, x, y, z, w ] = gen_oh ( 6, n, a, b, v, x, y, z, w );
  a = 0.1761197110181755;
  b = 0.1172606510576162;
  v = 0.1398378643365139E-03;
  [ n, x, y, z, w ] = gen_oh ( 6, n, a, b, v, x, y, z, w );
  a = 0.2066471190463718;
  b = 0.1456102876970995;
  v = 0.1491876468417391E-03;
  [ n, x, y, z, w ] = gen_oh ( 6, n, a, b, v, x, y, z, w );
  a = 0.2374076026328152;
  b = 0.1746153823011775;
  v = 0.1570855679175456E-03;
  [ n, x, y, z, w ] = gen_oh ( 6, n, a, b, v, x, y, z, w );
  a = 0.2682305474337051;
  b = 0.2040383070295584;
  v = 0.1637483948103775E-03;
  [ n, x, y, z, w ] = gen_oh ( 6, n, a, b, v, x, y, z, w );
  a = 0.2989653312142369;
  b = 0.2336788634003698;
  v = 0.1693500566632843E-03;
  [ n, x, y, z, w ] = gen_oh ( 6, n, a, b, v, x, y, z, w );
  a = 0.3294762752772209;
  b = 0.2633632752654219;
  v = 0.1740322769393633E-03;
  [ n, x, y, z, w ] = gen_oh ( 6, n, a, b, v, x, y, z, w );
  a = 0.3596390887276086;
  b = 0.2929369098051601;
  v = 0.1779126637278296E-03;
  [ n, x, y, z, w ] = gen_oh ( 6, n, a, b, v, x, y, z, w );
  a = 0.3893383046398812;
  b = 0.3222592785275512;
  v = 0.1810908108835412E-03;
  [ n, x, y, z, w ] = gen_oh ( 6, n, a, b, v, x, y, z, w );
  a = 0.4184653789358347;
  b = 0.3512004791195743;
  v = 0.1836529132600190E-03;
  [ n, x, y, z, w ] = gen_oh ( 6, n, a, b, v, x, y, z, w );
  a = 0.4469172319076166;
  b = 0.3796385677684537;
  v = 0.1856752841777379E-03;
  [ n, x, y, z, w ] = gen_oh ( 6, n, a, b, v, x, y, z, w );
  a = 0.4745950813276976;
  b = 0.4074575378263879;
  v = 0.1872270566606832E-03;
  [ n, x, y, z, w ] = gen_oh ( 6, n, a, b, v, x, y, z, w );
  a = 0.5014034601410262;
  b = 0.4345456906027828;
