function value = gp_abscissa ( order, i )

%*****************************************************************************80
%
%% GP_ABSCISSA returns the I-th abscissa for a Gauss-Patterson rule.
%
%  Discussion:
%
%    The rule is specified by its order.
%
%    The number of points in the rule, known as the order, is
%    related to the level by the formula:
%
%      ORDER = 2^(LEVEL+1)-1.
%
%    Only rules of order 1, 3, 7, 15, 31, 63, 127 and 255 are allowed.
%
%  Licensing:
%
%    This code is distributed under the GNU LGPL license.
%
%  Modified:
%
%    23 December 2009
%
%  Author:
%
%    John Burkardt
%
%  Reference:
%
%    Prem Kythe, Michael Schaeferkotter,
%    Handbook of Computational Methods for Integration,
%    Chapman and Hall, 2004,
%    ISBN: 1-58488-428-2,
%    LC: QA299.3.K98.
%
%    Thomas Patterson,
%    The Optimal Addition of Points to Quadrature Formulae,
%    Mathematics of Computation,
%    Volume 22, Number 104, October 1968, pages 847-856.
%
%  Parameters:
%
%    Input, integer ORDER, the order of the rule.
%    ORDER must be 1, 3, 7, 15, 31, 63, 127 and 255.
%
%    Input, integer I, the index of the point in the rule.
%
%    Output, real VALUE, the value of the I-th
%    abscissa in the rule of level LEVEL and order ORDER.
%
  order_pointer = [ 0, 1, 4, 11, 26, 57, 120, 247 ];

  xtab = [ ...
     0.0, ...
    -0.77459666924148337704, ...
     0.0, ...
     0.77459666924148337704, ...
    -0.96049126870802028342, ...
    -0.77459666924148337704, ...
    -0.43424374934680255800, ...
     0.0, ...
     0.43424374934680255800, ...
     0.77459666924148337704, ...
     0.96049126870802028342, ...
    -0.99383196321275502221, ...
    -0.96049126870802028342, ...
    -0.88845923287225699889, ...
    -0.77459666924148337704, ...
    -0.62110294673722640294, ...
    -0.43424374934680255800, ...
    -0.22338668642896688163, ...
     0.0, ...
     0.22338668642896688163, ...
     0.43424374934680255800, ...
     0.62110294673722640294, ...
     0.77459666924148337704, ...
     0.88845923287225699889, ...
     0.96049126870802028342, ...
     0.99383196321275502221, ...
    -0.99909812496766759766, ...
    -0.99383196321275502221, ...
    -0.98153114955374010687, ...
    -0.96049126870802028342, ...
    -0.92965485742974005667, ...
    -0.88845923287225699889, ...
    -0.83672593816886873550, ...
    -0.77459666924148337704, ...
    -0.70249620649152707861, ...
    -0.62110294673722640294, ...
    -0.53131974364437562397, ...
    -0.43424374934680255800, ...
    -0.33113539325797683309, ...
    -0.22338668642896688163, ...
    -0.11248894313318662575, ...
     0.0, ...
     0.11248894313318662575, ...
     0.22338668642896688163, ...
     0.33113539325797683309, ...
     0.43424374934680255800, ...
     0.53131974364437562397, ...
     0.62110294673722640294, ...
     0.70249620649152707861, ...
     0.77459666924148337704, ...
     0.83672593816886873550, ...
     0.88845923287225699889, ...
     0.92965485742974005667, ...
     0.96049126870802028342, ...
     0.98153114955374010687, ...
     0.99383196321275502221, ...
     0.99909812496766759766, ...
    -0.99987288812035761194, ...
    -0.99909812496766759766, ...
    -0.99720625937222195908, ...
    -0.99383196321275502221, ...
    -0.98868475754742947994, ...
    -0.98153114955374010687, ...
    -0.97218287474858179658, ...
    -0.96049126870802028342, ...
    -0.94634285837340290515, ...
    -0.92965485742974005667, ...
    -0.91037115695700429250, ...
    -0.88845923287225699889, ...
    -0.86390793819369047715, ...
    -0.83672593816886873550, ...
    -0.80694053195021761186, ...
    -0.77459666924148337704, ...
    -0.73975604435269475868, ...
    -0.70249620649152707861, ...
    -0.66290966002478059546, ...
    -0.62110294673722640294, ...
    -0.57719571005204581484, ...
    -0.53131974364437562397, ...
    -0.48361802694584102756, ...
    -0.43424374934680255800, ...
    -0.38335932419873034692, ...
    -0.33113539325797683309, ...
    -0.27774982202182431507, ...
    -0.22338668642896688163, ...
    -0.16823525155220746498, ...
    -0.11248894313318662575, ...
    -0.056344313046592789972, ...
     0.0, ...
     0.056344313046592789972, ...
     0.11248894313318662575, ...
     0.16823525155220746498, ...
     0.22338668642896688163, ...
     0.27774982202182431507, ...
     0.33113539325797683309, ...
     0.38335932419873034692, ...
     0.43424374934680255800, ...
     0.48361802694584102756, ...
     0.53131974364437562397, ...
     0.57719571005204581484, ...
     0.62110294673722640294, ...
     0.66290966002478059546, ...
     0.70249620649152707861, ...
     0.73975604435269475868, ...
     0.77459666924148337704, ...
     0.80694053195021761186, ...
     0.83672593816886873550, ...
     0.86390793819369047715, ...
     0.88845923287225699889, ...
     0.91037115695700429250, ...
     0.92965485742974005667, ...
     0.94634285837340290515, ...
     0.96049126870802028342, ...
     0.97218287474858179658, ...
     0.98153114955374010687, ...
     0.98868475754742947994, ...
     0.99383196321275502221, ...
     0.99720625937222195908, ...
     0.99909812496766759766, ...
     0.99987288812035761194, ...
    -0.99998243035489159858, ...
    -0.99987288812035761194, ...
    -0.99959879967191068325, ...
    -0.99909812496766759766, ...
    -0.99831663531840739253, ...
    -0.99720625937222195908, ...
    -0.99572410469840718851, ...
    -0.99383196321275502221, ...
    -0.99149572117810613240, ...
    -0.98868475754742947994, ...
    -0.98537149959852037111, ...
    -0.98153114955374010687, ...
    -0.97714151463970571416, ...
    -0.97218287474858179658, ...
    -0.96663785155841656709, ...
    -0.96049126870802028342, ...
    -0.95373000642576113641, ...
    -0.94634285837340290515, ...
    -0.93832039777959288365, ...
    -0.92965485742974005667, ...
    -0.92034002547001242073, ...
    -0.91037115695700429250, ...
    -0.89974489977694003664, ...
    -0.88845923287225699889, ...
    -0.87651341448470526974, ...
    -0.86390793819369047715, ...
    -0.85064449476835027976, ...
    -0.83672593816886873550, ...
    -0.82215625436498040737, ...
    -0.80694053195021761186, ...
    -0.79108493379984836143, ...
    -0.77459666924148337704, ...
    -0.75748396638051363793, ...
    -0.73975604435269475868, ...
    -0.72142308537009891548, ...
    -0.70249620649152707861, ...
    -0.68298743109107922809, ...
    -0.66290966002478059546, ...
    -0.64227664250975951377, ...
    -0.62110294673722640294, ...
    -0.59940393024224289297, ...
    -0.57719571005204581484, ...
    -0.55449513263193254887, ...
    -0.53131974364437562397, ...
    -0.50768775753371660215, ...
    -0.48361802694584102756, ...
    -0.45913001198983233287, ...
    -0.43424374934680255800, ...
    -0.40897982122988867241, ...
    -0.38335932419873034692, ...
    -0.35740383783153215238, ...
    -0.33113539325797683309, ...
    -0.30457644155671404334, ...
    -0.27774982202182431507, ...
    -0.25067873030348317661, ...
    -0.22338668642896688163, ...
    -0.19589750271110015392, ...
    -0.16823525155220746498, ...
    -0.14042423315256017459, ...
    -0.11248894313318662575, ...
    -0.084454040083710883710, ...
    -0.056344313046592789972, ...
    -0.028184648949745694339, ...
     0.0, ...
     0.028184648949745694339, ...
     0.056344313046592789972, ...
     0.084454040083710883710, ...
     0.11248894313318662575, ...
     0.14042423315256017459, ...
     0.16823525155220746498, ...
     0.19589750271110015392, ...
     0.22338668642896688163, ...
     0.25067873030348317661, ...
     0.27774982202182431507, ...
     0.30457644155671404334, ...
     0.33113539325797683309, ...
     0.35740383783153215238, ...
     0.38335932419873034692, ...
     0.40897982122988867241, ...
     0.43424374934680255800, ...
     0.45913001198983233287, ...
     0.48361802694584102756, ...
     0.50768775753371660215, ...
     0.53131974364437562397, ...
     0.55449513263193254887, ...
