function [ x, w ] = rule30 ( n )

%*****************************************************************************80
%
%% RULE30 returns the rule of degree 30.
%
%  Licensing:
%
%    This code is distributed under the GNU LGPL license.
%
%  Modified:
%
%    07 July 2014
%
%  Author:
%
%    Original FORTRAN77 version by Hong Xiao, Zydrunas Gimbutas.
%    This MATLAB version by John Burkardt.
%
%  Reference:
%
%    Hong Xiao, Zydrunas Gimbutas,
%    A numerical algorithm for the construction of efficient quadrature
%    rules in two and higher dimensions,
%    Computers and Mathematics with Applications,
%    Volume 59, 2010, pages 663-676.
%
%  Parameters:
%
%    Input, integer N, the number of nodes.
%
%    Output, real X(2,N), the coordinates of the nodes.
%
%    Output, real W(N), the weights.
%
  xs = [ ...
    -.2489884108477549,-.8955668996881347, ...
    -.9323001501704753,0.7405445449992548, ...
    -.9340642229281805,-.9095962664223526, ...
    0.5608633663495270,0.8616511147917938, ...
    0.1660321315312064,0.6574874238191415, ...
    -.1433381379425067,0.1329569336990351, ...
    -.8829748195890315,0.6632673829575200, ...
    0.4936163200514849,-.2027212042708638, ...
    -.9958809661720823,-.3073287548883581, ...
    -.8217303027626981,0.8261783389660409, ...
    -.4397988250817157,0.5010528086431736, ...
    0.5909729749119785,-.3540551267912417, ...
    -.1341504650225714,0.8797782958287345, ...
    0.7856276574168712,0.2511140307013671E-01, ...
    0.6793669279007186,0.5990617334262452, ...
    -.6571411220532614E-01,0.2486338305340984, ...
    0.2517441361617084,0.4956264496869945, ...
    0.6407808309272243,0.3783356039497430, ...
    0.4110110511714637,-.8395840683102380, ...
    -.8086877648916926,0.1348481347528898, ...
    0.7911211318084024E-01,0.1744159174802842, ...
    0.3212567387892802E-01,-.9336794010864112E-02, ...
    0.7322797884447179,0.3357167967967313E-01, ...
    0.5935826720491633,0.8968431432339444, ...
    0.1799598313156058,0.7269821230572000, ...
    -.1856842034490502,0.6913593560408486, ...
    -.4397815672742683,-.7758135419229234, ...
    -.9616538724444206,0.3193596929830660, ...
    0.3777165903330749,-.7679662364686681, ...
    -.7298701218806570,0.4065079920371972, ...
    -.9227465688784468E-01,-.5950684639841661, ...
    -.9013518967720980,0.8836909793143869, ...
    -.9967771339953647,-.9944392441466685, ...
    -.2195956599465894,-.4351118739522196, ...
    -.4349934895265168,0.8129226389660974, ...
    0.9133061964092235,-.7096773902564911, ...
    -.7019587221008244E-01,0.3087832511180271, ...
    -.4541723274189980,0.1380191907138354, ...
    0.9551957279557286,-.7407772548705425, ...
    -.6078105587102869,-.8435179784664049, ...
    0.5490559994565902,0.2444037338918357, ...
    0.2400810439649010,-.5106820540745040E-01, ...
    0.5284630091276127,0.8294520284860720, ...
    0.9644131173686892,0.5513347774529967, ...
    -.7997415011464921,0.9063983320825396E-01, ...
    0.5014531965594803,-.3847230717105717, ...
    -.2781131563704615,-.9344492367354887, ...
    -.9030917852729532,-.4172241922741589E-01, ...
    -.2640772153341865,0.9665539194330073, ...
    -.2367623099741220,-.8626350293444497, ...
    -.5924624188363723,-.2560781746707642, ...
    -.9697346473592514,-.5129714977732606, ...
    0.9006954577534996,0.4485570029784398, ...
    -.9929762013100525,-.4556636018911340, ...
    -.6294980126555781,-.3125079163601901, ...
    -.7343713176297997,-.6080741370996756, ...
    0.7969083548584857,0.9691866547839980, ...
    0.3151361183804022,0.3344055950815164, ...
    0.9472309841785602,-.1247403647674209, ...
    -.9779732163470612,-.7256364179379601, ...
    0.9970921358526692,-.9954560187756241, ...
    0.9951087682452733,-.6883166208655062, ...
    0.4290000273640588,-.9880739319478465, ...
    0.9072764372199305,0.9928546893888752, ...
    -.9917918025218534,-.4805464361132344, ...
    -.8469642292616028,-.8369560183233818, ...
    -.9779640479084950,0.9687313192733549, ...
    -.7547772532654357,0.7252641746474808, ...
    0.6646022965583286,-.5644091993909820, ...
    0.8026432404348592,0.9543957566085060, ...
    -.3557861147500951,0.9951864328005721, ...
    -.9294765518337259,-.9726603739446762, ...
    0.9908893344007184,0.9593076671548199, ...
    -.9203911103942219,-.5020036235062807, ...
    0.8473616010099635,0.7880730531161636, ...
    0.1506248287699496,0.9937769310041399, ...
    0.9894968458978942,0.5755438442317007, ...
    0.9058856705910572,0.9189816123793266, ...
    0.6951883785315084,-.6234868878005112, ...
    -.9575663408305919,-.9618986262036308, ...
    0.8232277101227666,0.9715176930569319, ...
    -.6414127133627360,-.9547454138171275, ...
    -.9923199594879274,-.8900231674458331, ...
    0.9908836025186869 ];
