function [ x, w ] = rule29 ( n )

%*****************************************************************************80
%
%% RULE29 returns the rule of degree 29.
%
%  Licensing:
%
%    This code is distributed under the GNU LGPL license.
%
%  Modified:
%
%    07 July 2014
%
%  Author:
%
%    Original FORTRAN77 version by Hong Xiao, Zydrunas Gimbutas.
%    This MATLAB version by John Burkardt.
%
%  Reference:
%
%    Hong Xiao, Zydrunas Gimbutas,
%    A numerical algorithm for the construction of efficient quadrature
%    rules in two and higher dimensions,
%    Computers and Mathematics with Applications,
%    Volume 59, 2010, pages 663-676.
%
%  Parameters:
%
%    Input, integer N, the number of nodes.
%
%    Output, real X(2,N), the coordinates of the nodes.
%
%    Output, real W(N), the weights.
%
  xs = [ ...
    -.9957609056803307,0.9554778819247284, ...
    0.9957609056803309,-.9554778819247282, ...
    -.8018419403764031,0.9936244517402659, ...
    0.8018419403764033,-.9936244517402659, ...
    -.9579902382554616,0.9905651653257478, ...
    0.9579902382554618,-.9905651653257476, ...
    0.2638223412555635E-01,0.9935202992997069, ...
    -.2638223412555623E-01,-.9935202992997069, ...
    -.5066682706262957,0.9913300131756428, ...
    0.5066682706262959,-.9913300131756428, ...
    -.2298993811511364,0.9820954997507334, ...
    0.2298993811511365,-.9820954997507334, ...
    0.4377228178889339,0.9940035328985276, ...
    -.4377228178889338,-.9940035328985276, ...
    -.6971536278750922,0.9699469973610456, ...
    0.6971536278750924,-.9699469973610456, ...
    -.1287796452538595,0.9374257301963881, ...
    0.1287796452538596,-.9374257301963881, ...
    0.2219765871034010,0.9669818379796637, ...
    -.2219765871034008,-.9669818379796637, ...
    0.8793284704221047,0.9627913549967865, ...
    -.8793284704221045,-.9627913549967865, ...
    -.4224857795905392,0.8997395988035505, ...
    0.4224857795905393,-.8997395988035505, ...
    0.7561015490560310,0.9929163478894405, ...
    -.7561015490560308,-.9929163478894405, ...
    0.2640620995843525,0.8673709698403427, ...
    -.2640620995843524,-.8673709698403427, ...
    -.8876763767236916,0.9499938690143425, ...
    0.8876763767236918,-.9499938690143425, ...
    0.6107736243515250,0.9600495691709722, ...
    -.6107736243515248,-.9600495691709722, ...
    -.7868750412424903,0.8719483642340994, ...
    0.7868750412424903,-.8719483642340994, ...
    -.1141990095980696E-01,0.9167780797645280, ...
    0.1141990095980707E-01,-.9167780797645280, ...
    0.6200952646798407,0.8398067949907553, ...
    -.6200952646798407,-.8398067949907553, ...
    -.4280702467551835,0.3950643020883297, ...
    0.4280702467551835,-.3950643020883297, ...
    0.3401810242198736,0.6973120201514252, ...
    -.3401810242198735,-.6973120201514252, ...
    -.2617868665129255,0.2355937519408776, ...
    0.2617868665129255,-.2355937519408775, ...
    0.1411576681950311,0.8161158957508043, ...
    -.1411576681950309,-.8161158957508043, ...
    -.3695797105378154E-01,0.6981295844594165, ...
    0.3695797105378162E-01,-.6981295844594165, ...
    -.6312274766498698,0.9353634542809267, ...
    0.6312274766498700,-.9353634542809267, ...
    -.1150463641736545,0.9674061994537117E-01, ...
    0.1150463641736545,-.9674061994537114E-01, ...
    -.3747271550737231,0.9438572336357420, ...
    0.3747271550737232,-.9438572336357420, ...
    0.5008869009053424,0.7904714944143627, ...
    -.5008869009053424,-.7904714944143627, ...
    0.1608699923234913,0.5513908795637696, ...
    -.1608699923234913,-.5513908795637696, ...
    -.5657668007893579,0.8210097847827826, ...
    0.5657668007893579,-.8210097847827826, ...
    0.7712590259177344,0.8970730060299638, ...
    -.7712590259177344,-.8970730060299638, ...
    0.4163780011554897,0.9113544664316420, ...
    -.4163780011554896,-.9113544664316420, ...
    -.5836842069804584,0.5579917371493338, ...
    0.5836842069804584,-.5579917371493338, ...
    -.2215359986069006,0.8254893061838994, ...
    0.2215359986069007,-.8254893061838994, ...
    -.4009765829120037,0.6957123574117627, ...
    0.4009765829120038,-.6957123574117627, ...
    -.2343918950839540E-01,0.3763993540852892, ...
    0.2343918950839545E-01,-.3763993540852892, ...
    -.7105079759089011,0.7179044391714098, ...
    0.7105079759089011,-.7179044391714098, ...
    -.2200751569931638,0.5431094815533654, ...
    0.2200751569931638,-.5431094815533654 ];
