    0.372798545830478E-01   -0.468587504302986E-03   -0.215112043985009E-01    0.673567462641430E-01   -0.912010631249178E-01    0.129117132478651E-01    0.952970523775825E-01   -0.558390645987388E-01
   -0.468587504302986E-03    0.189762033418210E-04    0.310120779790682E-03   -0.744902245382215E-03    0.946008395561146E-03   -0.178346340043596E-03   -0.955165526288607E-03    0.662530823466849E-03
   -0.215112043985009E-01    0.310120779790682E-03    0.128221365253640E-01   -0.372228019302600E-01    0.491256550847250E-01   -0.787905380239888E-02   -0.510822201981524E-01    0.313249457480671E-01
    0.673567462641430E-01   -0.744902245382215E-03   -0.372228019302600E-01    0.130542669938115       -0.186591823724939        0.214968271224109E-01    0.196829488413234       -0.105643289713511    
   -0.912010631249178E-01    0.946008395561146E-03    0.491256550847250E-01   -0.186591823724939        0.284236059530028       -0.277371438323775E-01   -0.303498158406508        0.147972966426491    
    0.129117132478651E-01   -0.178346340043596E-03   -0.787905380239888E-02    0.214968271224109E-01   -0.277371438323775E-01    0.501293599499840E-02    0.287768224341774E-01   -0.182785934874937E-01
    0.952970523775825E-01   -0.955165526288607E-03   -0.510822201981524E-01    0.196829488413234       -0.303498158406508        0.287768224341774E-01    0.324877458353320       -0.155486042100724    
   -0.558390645987388E-01    0.662530823466849E-03    0.313249457480671E-01   -0.105643289713511        0.147972966426491       -0.182785934874937E-01   -0.155486042100724        0.862596785885126E-01
     7.93903300798075       -0.741905432317518E-01    -4.25283452619872         15.8372456427567        -22.7858838423771         2.39672108886144         24.0624027857832        -12.7007037122893    
   -0.741905432317519E-01    0.340725447152436E-02    0.482694614206565E-01   -0.124300463766467        0.161742693712478       -0.250679533770391E-01   -0.162918632263621        0.110013963432458    
    -4.25283452619872        0.482694614206562E-01     2.37630573580295        -7.99836315607512         11.0556778475338        -1.38230790967137        -11.5899660317404         6.54889705568714    
     15.8372456427567       -0.124300463766465        -7.99836315607512         35.6655962280356        -58.0782040175758         4.27381820249882         62.6822214354451        -27.3640283111172    
    -22.7858838423771        0.161742693712477         11.0556778475339        -58.0782040175757         118.530265835159        -5.71792585431519        -133.414883946458         42.3779998928793    
     2.39672108886144       -0.250679533770390E-01    -1.38230790967139         4.27381820249883        -5.71792585431517        0.846080134156737         5.97445835152111        -3.54812269986767    
     24.0624027857833       -0.162918632263619        -11.5899660317403         62.6822214354451        -133.414883946458         5.97445835152112         151.265724944577        -45.3140237087103    
    -12.7007037122892        0.110013963432457         6.54889705568715        -27.3640283111171         42.3779998928793        -3.54812269986765        -45.3140237087103         21.3628408609642    
   -0.720635910341504E-03    0.347413387815987E-04    0.502371147171203E-03   -0.108625736339513E-03   -0.136140665577921E-02   -0.297127124499307E-03    0.186598106098326E-02    0.596320951047425E-03
   -0.276585161925904E-05   -0.711161323587059E-06    0.241004913952495E-05   -0.481683778317916E-04    0.185096631229486E-03   -0.107062261414874E-04   -0.224684952842058E-03    0.196234838761761E-04
    0.308229695859577E-03   -0.268005736332054E-04   -0.236674105624532E-03   -0.191605599218268E-03    0.111008753404199E-02    0.150977618995539E-03   -0.142622762129609E-02   -0.127776340964997E-03
   -0.146299660322903E-02    0.551276150701265E-04    0.103785861437994E-02   -0.413058060199358E-03   -0.302951939758316E-02   -0.554347768620629E-03    0.417791138828334E-02    0.141587898991198E-02
    0.207161408096831E-02   -0.695832097052588E-04   -0.154202051007561E-02    0.292413776422202E-03    0.588580316729993E-02    0.848793606030542E-03   -0.789971819604467E-02   -0.192088501377378E-02
   -0.141603222249661E-03    0.264962059659077E-04    0.126680893243780E-03    0.103038373400227E-03   -0.190898099653380E-03   -0.937711642384343E-04    0.273200920701193E-03    0.355766670297740E-04
   -0.222057217835301E-02    0.719673749879822E-04    0.166355913345271E-02   -0.361936396909691E-03   -0.611556034040805E-02   -0.946796772366416E-03    0.823185599033486E-02    0.206887667699073E-02
    0.118171840919318E-02   -0.459055049373885E-04   -0.824288526584313E-03    0.261915748617019E-03    0.265267206025854E-02    0.438001909070351E-03   -0.361307064744720E-02   -0.108891565099150E-02
   -0.339323452364157E-04   -0.192677249609704E-07   -0.264932391758986E-04   -0.264078305400932E-03    0.540774539647486E-03    0.524026046575675E-04   -0.596922658409612E-03    0.165340910820455E-03
    0.132116166357745E-05   -0.277957476064180E-08   -0.119134504628475E-06    0.536518208782824E-05   -0.110064892845141E-04   -0.245033395156292E-06    0.123228119881189E-04   -0.349331311655129E-05
    0.281345600433041E-04   -0.289786897410042E-08    0.121421542277795E-04    0.185049131882726E-03   -0.384566094714631E-03   -0.291605019391341E-04    0.426110584633007E-03   -0.116754860746651E-03
   -0.514738774060563E-04   -0.138588301052258E-06   -0.471988648278029E-04   -0.384808233892335E-03    0.726763899802530E-03    0.905540397333470E-04   -0.792027013767350E-03    0.246317589431030E-03
    0.598197141575021E-04    0.482887853108278E-06    0.714712099924870E-04    0.461058539303563E-03   -0.779649500075696E-03   -0.129789722429919E-03    0.831299287517189E-03   -0.299911030056942E-03
   -0.262782853065927E-04   -0.149495305688288E-08   -0.272811355234637E-05   -0.137197814306333E-03    0.280480855219848E-03    0.153595180888158E-04   -0.310549881790867E-03    0.887804522595628E-04
   -0.589604788659596E-04   -0.582266303659900E-06   -0.779475959725137E-04   -0.471230600889664E-03    0.775939932712808E-03    0.139112529762069E-03   -0.822082598955895E-03    0.306978995963418E-03
    0.448406985516465E-04    0.696483154620122E-07    0.392408207135254E-04    0.341679851757428E-03   -0.667945072066383E-03   -0.756291670233995E-04    0.732097184451313E-03   -0.216733213570081E-03
    0.140658069278454E-03    0.251065291027223E-04   -0.146402470149645E-03   -0.442088591304914E-03    0.129563858874352E-02    0.212573935239819E-03   -0.147998012625869E-02    0.148664758561871E-03
    0.159414575632582E-05   -0.154351489974598E-06   -0.122537103443123E-05    0.178407580386017E-04   -0.719760307523891E-04    0.416363572521278E-05    0.875518846293248E-04   -0.790210106842498E-05
   -0.335067241242024E-04   -0.123419727008126E-04    0.604053780410100E-04    0.386430342501617E-03   -0.948676416362731E-03   -0.115937862185095E-03    0.107310316100707E-02   -0.194644502460486E-03
    0.289970331142944E-03    0.423808569227071E-04   -0.309501784459452E-03   -0.663872286844720E-03    0.237129116330270E-02    0.365741996596746E-03   -0.278297513113290E-02    0.987734155924978E-04
   -0.379396265537684E-03   -0.602401525273112E-04    0.461042738204492E-03    0.104460476436785E-02   -0.386507924615385E-02   -0.531645760312099E-03    0.458993211529479E-02   -0.165427955719732E-03
   -0.513803759535192E-06    0.246366141645221E-05   -0.286139887140064E-04   -0.252403089645727E-03    0.422658812709028E-03    0.707965591717516E-04   -0.457890275207076E-03    0.149211984873965E-03
    0.406571110471220E-03    0.643800174381365E-04   -0.499555493372169E-03   -0.109373276149167E-02    0.402842568411925E-02    0.584550246768577E-03   -0.478264198786560E-02    0.167537048431804E-03
   -0.237154486241180E-03   -0.365826466119409E-04    0.244277979699794E-03    0.587228959991404E-03   -0.207546316671570E-02   -0.298892282299656E-03    0.242785029879653E-02   -0.119157300480432E-03
   -0.274965192537217E-02    0.261103493122336E-03    0.171304860988182E-02   -0.268142906600619E-02   -0.516458941354410E-03   -0.497223794333975E-03    0.209004733700308E-02    0.356193841445434E-02
    0.363701795660969E-04   -0.404122384124139E-05   -0.942852330931643E-05   -0.142414960154304E-04    0.328718215740373E-03   -0.253250577669423E-04   -0.429855697592593E-03   -0.372731875252613E-04
    0.142564480916963E-02   -0.180410328912840E-03   -0.925864169485346E-03    0.116711658847281E-02    0.704923532383021E-03    0.240939645149130E-03   -0.166360301098303E-02   -0.173553959156973E-02
   -0.504617559136037E-02    0.377461299107038E-03    0.312893204435071E-02   -0.465400181604103E-02   -0.374100199804985E-02   -0.935622693522422E-03    0.722349633315330E-02    0.660126206803201E-02
    0.678811599843810E-02   -0.450963944337992E-03   -0.431966683769987E-02    0.508013539615692E-02    0.108182700632784E-01    0.143833947336803E-02   -0.168196237444179E-01   -0.843583741845862E-02
   -0.673308398392196E-03    0.136952552684073E-03    0.506033682528352E-03   -0.546527883245450E-03    0.528425854844433E-03   -0.144744414893841E-03   -0.219968338539834E-03    0.802145021677475E-03
   -0.713156372359112E-02    0.464545458189886E-03    0.458160735992032E-02   -0.522668644052880E-02   -0.116707637160507E-01   -0.161670956990462E-02    0.180242286294848E-01    0.878722033780279E-02
    0.427271273500481E-02   -0.333572533991034E-03   -0.261368310828086E-02    0.404401695972103E-02    0.277461583053748E-02    0.744154964101536E-03   -0.564865973080050E-02   -0.558709581514717E-02
    0.536450879877456E-02   -0.537856533485192E-03   -0.310165751231648E-02    0.739892658262288E-02   -0.344826689298667E-02    0.653621191016408E-03    0.833638399853206E-03   -0.800692261602800E-02
   -0.169716689679014E-03    0.937346399205431E-05    0.616620275214699E-04   -0.284497383865151E-03   -0.416415165676674E-04    0.251727952824032E-04    0.178482875644227E-03    0.286299209348772E-03
   -0.286437607057451E-02    0.379685155771261E-03    0.173050314863158E-02   -0.374729121937846E-02    0.156579641274441E-02   -0.271795436012113E-03    0.105576166986443E-04    0.419990722938946E-02
    0.100500098097264E-01   -0.711938338764843E-03   -0.559784066213814E-02    0.138283532161402E-01   -0.254540720573577E-02    0.143717538117977E-02   -0.319680513396472E-02   -0.151379285195941E-01
   -0.130522288957736E-01    0.743913477086363E-03    0.731986150044995E-02   -0.159642967341135E-01   -0.775496320513532E-02   -0.230010396684016E-02    0.179773813315676E-01    0.188864039440339E-01
    0.100352801878122E-02   -0.280633941966867E-03   -0.789550667366154E-03    0.916730302679662E-03   -0.785049673268713E-03    0.634926396136378E-04    0.169856564901654E-03   -0.134530709266236E-02
    0.132891535963757E-01   -0.740013806419365E-03   -0.753495834385027E-02    0.156247871401289E-01    0.103293842179221E-01    0.252822561878605E-02   -0.213131806760470E-01   -0.189556624337309E-01
   -0.874412330045892E-02    0.655804314257864E-03    0.484159965347975E-02   -0.123581557778234E-01    0.369750190334395E-02   -0.116367048784306E-02    0.957664315014504E-03    0.132255093094661E-01
   -0.715382207605911E-05   -0.500586158302590E-04   -0.685753468393496E-04   -0.102987743883606E-03    0.201275343215283E-03   -0.351829767608931E-04   -0.281361119899123E-03    0.337442386010276E-04
    0.975281351452694E-05    0.354518391355100E-06   -0.345825983751179E-05    0.233892059908611E-04   -0.228021160777641E-04   -0.801701362683228E-07    0.211682204446214E-04   -0.180576890578371E-04
   -0.208356086490870E-04    0.284893802347105E-04    0.553245827455740E-04    0.184148921560162E-04   -0.102964539536705E-03    0.150337605968994E-04    0.157814706110082E-03    0.267823872116359E-04
   -0.809053685728054E-04   -0.843763437074382E-04   -0.574611854370672E-04   -0.250155978463388E-03    0.140258802977578E-03   -0.762954060172066E-04   -0.179341008346372E-03    0.189718816983986E-03
    0.792979958969494E-04    0.118886793594394E-03    0.691691101660565E-04    0.172864668971769E-03    0.494248746140835E-03    0.115964272733910E-03   -0.601451492164536E-03   -0.192855232420607E-03
    0.342929601309465E-04   -0.149247445200518E-04   -0.427812950508774E-04    0.256791089499067E-04    0.108785975698732E-03   -0.683104127595247E-05   -0.164019422605326E-03   -0.537380731378781E-04
   -0.512797523716071E-04   -0.126867945425944E-03   -0.848457590194441E-04   -0.981710708177575E-04   -0.676631319098128E-03   -0.125249377117517E-03    0.807170968751198E-03    0.143433041322632E-03
    0.691983071777970E-04    0.713244569099165E-04    0.558883476776502E-04    0.226465107824411E-03   -0.172768880355837E-03    0.599826082533171E-04    0.220404490875793E-03   -0.155789812706633E-03
   -0.613815935223277E-02    0.594754788503341E-03    0.341097083227523E-02   -0.934725807375606E-02    0.601869245644272E-02   -0.627912756164704E-03   -0.333981143900650E-02    0.956554108617958E-02
    0.210575847137345E-03   -0.106820753443973E-04   -0.778673086907765E-04    0.386471413319337E-03   -0.914526082011271E-04   -0.232633768319842E-04   -0.460058837105752E-04   -0.365870112000470E-03
    0.330784434987525E-02   -0.421685468572220E-03   -0.191429457705625E-02    0.488991887296286E-02   -0.315359008920462E-02    0.242672000877016E-03    0.155014598501611E-02   -0.511182036939518E-02
   -0.115685014860786E-01    0.776577745979722E-03    0.618562322915674E-02   -0.175550262352887E-01    0.704028605011061E-02   -0.147710759173412E-02   -0.108948616619761E-02    0.181179236726090E-01
    0.150087339908048E-01   -0.789452303209841E-03   -0.804152402566592E-02    0.206980763510750E-01    0.280230607691756E-02    0.241602105812549E-02   -0.135598873449651E-01   -0.226784684434697E-01
   -0.114195540219757E-02    0.310941816951617E-03    0.850930460681925E-03   -0.130892318804521E-02    0.141681291074656E-02   -0.195926983909939E-04   -0.790711510655596E-03    0.166561104969178E-02
   -0.152172866976113E-01    0.778604387914338E-03    0.823051685076328E-02   -0.202867002150622E-01   -0.568226290894867E-02   -0.264545930720635E-02    0.172851153796646E-01    0.226957045009496E-01
    0.100774598285243E-01   -0.720195671562882E-03   -0.536871340440797E-02    0.156365400545159E-01   -0.778653781560291E-02    0.119312076094030E-02    0.299132125310313E-02   -0.158414078353396E-01
    0.173789255366729E-02   -0.163613691916430E-03   -0.118583081698377E-02    0.929947221451159E-03    0.197705223880110E-02    0.458552446201284E-03   -0.316089288057244E-02   -0.185808443601823E-02
   -0.906346474825556E-05    0.243116445490386E-05    0.626190014845530E-06    0.613803808013708E-04   -0.320791521374063E-03    0.198356599436186E-04    0.399062724855750E-03   -0.103565925061167E-04
   -0.872366821040926E-03    0.113216945816034E-03    0.631207721596071E-03   -0.205079736156447E-03   -0.155433123047211E-02   -0.237894522092684E-03    0.228623847140701E-02    0.796774602849858E-03
    0.317098870222410E-02   -0.243579267968569E-03   -0.217004686075068E-02    0.155746827774950E-02    0.545520596113333E-02    0.808635523489387E-03   -0.803538058172822E-02   -0.350163885581895E-02
   -0.430149516506436E-02    0.300009533726590E-03    0.304137493561383E-02   -0.131939087842371E-02   -0.112788524755606E-01   -0.121457213920935E-02    0.156569920642477E-01    0.447030834367211E-02
    0.427009548419016E-03   -0.886464271307307E-04   -0.354636479050213E-03    0.104734635676105E-03    0.993042537944586E-04    0.150708909270917E-03   -0.339046877202514E-03   -0.372089769125122E-03
    0.456608217773916E-02   -0.311035961799906E-03   -0.325193492150158E-02    0.142003055339222E-02    0.118550339208408E-01    0.136342924043405E-02   -0.164661219974533E-01   -0.473030347689320E-02
   -0.266877710368819E-02    0.212145824474249E-03    0.179834264945161E-02   -0.134446507927109E-02   -0.445727806300408E-02   -0.651334177033408E-03    0.660293999530702E-02    0.292176826418245E-02
   -0.827274958945224E-01    0.786208190347069E-03    0.436939890720117E-01   -0.177576640564159        0.294670959143863       -0.243504922370946E-01   -0.320336895764339        0.138075634151061    
    0.190684112669034E-01    0.301125486644775E-02   -0.652242121324234E-02    0.189241373690809E-01    0.309331442429884E-03    0.133964928143324E-01    0.259407027353708E-02   -0.123120655545232E-01
   -0.576307268516768E-03   -0.259814457358760E-04    0.944141797344154E-03    0.168232518213928E-02   -0.428740800634085E-02   -0.122099629702236E-02    0.467901144111499E-02   -0.831383809946642E-03
   -0.819850446412810E-02   -0.241186151338991E-02    0.260605201537033E-02   -0.334948056691256E-02   -0.965722266339958E-02   -0.942177012759571E-02    0.705503052989146E-02    0.436030101995462E-03
    0.665744773314593E-01    0.243832934976243E-02   -0.300887992910234E-01    0.963522920787974E-01   -0.605215107135311E-01    0.265746995212174E-01    0.593397993510824E-01   -0.770696789249102E-01
   -0.125899168385076       -0.929619881859793E-03    0.588996227903804E-01   -0.225199138687213        0.215649430572367       -0.385581560502794E-01   -0.215870503442014        0.178551752246001    
   -0.153977342067439E-02    0.209767507579863E-02    0.417820090496246E-02   -0.212404356566133E-02    0.379390666254086E-02    0.234000871322062E-02    0.102449030494470E-03    0.591879170312816E-02
    0.134996368603760        0.675124926076560E-03   -0.618646120965672E-01    0.251938920467924       -0.254509177924979        0.381880500258230E-01    0.256418477145935       -0.198248978878907    
   -0.507916419053113E-01   -0.266639011605563E-02    0.236495408948382E-01   -0.657136281990364E-01    0.321397143239564E-01   -0.242350071332327E-01   -0.317427995424035E-01    0.527360870420749E-01
    0.112147694376224E-01   -0.525451898655124E-02   -0.123251084149639E-01    0.244671892858972E-01   -0.393937886152453E-01   -0.465767744205817E-02    0.312949323544275E-01   -0.287744593498804E-01
