chain_letter_tree

CHAIN_LETTER_TREE:
  MATLAB version
  Construct a dendrogram to analyze the relationship
  among a set of 11 versions of a chain letter.
   0.00   9.05   9.40   9.15   6.70   6.60  12.50  10.40  14.30  11.80   8.70
   9.05   0.00   9.00   7.25  10.00   6.00  18.00  11.00  15.25  12.00   7.50
   9.40   9.00   0.00   8.00   8.75   7.00  15.00  10.75  13.50  14.25   8.50
   9.15   7.25   8.00   0.00   8.25   7.25  13.75   9.00  14.00  12.75   0.00
   6.70  10.00   8.75   8.25   0.00   9.00  16.00  11.00  13.00  13.00   7.50
   6.60   6.00   7.00   7.25   9.00   0.00  14.00  10.50  12.00  12.00   8.00
  12.50  18.00  15.00  13.75  16.00  14.00   0.00  16.00  11.50  10.50  13.00
  10.40  11.00  10.75   9.00  11.00  10.50  16.00   0.00  15.00  15.50   8.50
  14.30  15.25  13.50  14.00  13.00  12.00  11.50  15.00   0.00   9.00  11.50
  11.80  12.00  14.25  12.75  13.00  12.00  10.50  15.50   9.00   0.00  10.50
   8.70   7.50   8.50   0.00   7.50   8.00  13.00   8.50  11.50  10.50   0.00

  Saved the dendrogram plot as "chain_letter_tree.png"

CHAIN_LETTER_TREE:
  Normal end of execution.
diary off
