function [ w, xyz ] = tetrahedron_unit_o08b ( )

%*****************************************************************************80
%
%% TETRAHEDRON_UNIT_O08B returns an 8 point quadrature rule for the unit tetrahedron.
%
%  Discussion:
%
%    The integration region is:
%
%      0 <= X
%      0 <= Y
%      0 <= Z
%      X + Y + Z <= 1.
%
%  Licensing:
%
%    This code is distributed under the GNU LGPL license.
%
%  Modified:
%
%    19 April 2009
%
%  Author:
%
%    John Burkardt
%
%  Reference:
%
%    Carlos Felippa,
%    A compendium of FEM integration formulas for symbolic work,
%    Engineering Computation,
%    Volume 21, Number 8, 2004, pages 867-890.
%
%  Parameters:
%
%    Output, real W(8), the weights.
%
%    Output, real XYZ(3,8), the abscissas.
%
  w(1:8,1) = [ ...
    0.025000000000000000000, ...
    0.025000000000000000000, ...
    0.025000000000000000000, ...
    0.025000000000000000000, ...
    0.22500000000000000000, ...
    0.22500000000000000000, ...
    0.22500000000000000000, ...
    0.22500000000000000000 ];

  xyz(1:3,1:8) = [ ...
    1.00000000000000000000,  0.00000000000000000000,  0.00000000000000000000; ...
    0.00000000000000000000,  1.00000000000000000000,  0.00000000000000000000; ...
    0.00000000000000000000,  0.00000000000000000000,  1.00000000000000000000; ...
    0.00000000000000000000,  0.00000000000000000000,  0.00000000000000000000; ...
    0.00000000000000000000,  0.33333333333333333333,  0.33333333333333333333; ...
    0.33333333333333333333,  0.00000000000000000000,  0.33333333333333333333; ...
    0.33333333333333333333,  0.33333333333333333333,  0.00000000000000000000; ...
    0.33333333333333333333,  0.33333333333333333333,  0.33333333333333333333 ]';

  return
end
