function a = sweet1_inverse ( )

%*****************************************************************************80
%
%% SWEET1_INVERSE returns the inverse of the SWEET1 matrix.
%
%  Licensing:
%
%    This code is distributed under the GNU LGPL license.
%
%  Modified:
%
%    08 February 2015
%
%  Author:
%
%    John Burkardt
%
%  Parameters:
%
%    Output, real A(6,6), the matrix.
%
  a = [ ...
   0.073125159943338,  -0.029629732454063,  -0.020045010339460, ...
   0.032364910109767,  -0.056244145182187,   0.052945000841794; ...
  -0.029629732454063,   0.046796984109877,   0.019214941666057, ...
  -0.056592264698005,   0.069667831091627,  -0.056244145182187; ...
  -0.020045010339460,   0.019214941666057,   0.009031577102143, ...
   0.035236537326757,  -0.056592264698005,   0.032364910109767; ...
   0.032364910109767,  -0.056592264698005,   0.035236537326757, ...
   0.009031577102143,   0.019214941666057,  -0.020045010339460; ...
  -0.056244145182187,   0.069667831091627,  -0.056592264698005, ...
   0.019214941666057,   0.046796984109877,  -0.029629732454063; ...
   0.052945000841794,  -0.056244145182187,   0.032364910109767, ...
 -0.020045010339460,  -0.029629732454063,   0.073125159943338 ];

  return
end
