   1   2   3   4   5   6   7
   8   9  10  11  12  13  14
  15  16  17  18  19  20  21
  22  23  24  25  26  27  28
  29  30  31  32  33  34  35
  36  37  38  39  40  41  42
  43  44  45  46  47  48  49
  50  51  52  53  54  55  56
  57  58  59  60  61  62  63
  64  65  66  67  68  69  70
  71  72  73  74  75  76  77
  78  79  80  81  82  83  84
  85  86  87  88  89  90  91
  92  93  94  95  96  97  98
  99 100 101 102 103 104 105
 106 107 108 109 110 111 112
 113 114 115 116 117 118 119
 120 121 122 123 124 125 126
 127 128 129 130 131 132 133
 134 135 136 137 138 139 140
   1   8  15  22  29  36  43  50  57  64  71  78  85  92  99 106 113 120 127 134
   2   9  16  23  30  37  44  51  58  65  72  79  86  93 100 107 114 121 128 135
   3  10  17  24  31  38  45  52  59  66  73  80  87  94 101 108 115 122 129 136
   4  11  18  25  32  39  46  53  60  67  74  81  88  95 102 109 116 123 130 137
   5  12  19  26  33  40  47  54  61  68  75  82  89  96 103 110 117 124 131 138
   6  13  20  27  34  41  48  55  62  69  76  83  90  97 104 111 118 125 132 139
   7  14  21  28  35  42  49  56  63  70  77  84  91  98 105 112 119 126 133 140
