#  ha30_dist.dist2.txt
#  Spatial dimension M = 30
#  Number of points N = 30
#
      0.000000       39.134680       21.761328       59.189365       53.914485       33.031429       57.252393       31.856600       88.769599       72.801601       29.325582       46.184608       15.875124       82.674025      119.745092       44.821457       24.460050       31.693633       36.205545       25.002355       38.336390       16.293930       43.145438       20.880104       49.807327       56.700961       45.953861       72.160089      121.399406       73.123932  
     39.134680        0.000000       20.210921       20.102576       81.243412        8.106681       49.287867       64.309517       63.133562       83.872693       10.020121       61.291228       25.503441       49.171053       80.941622       80.894147       57.683733       15.926838       71.698451       59.966649       77.459544       24.074979       69.287143       18.265068       74.921240       87.534100       68.072770       43.878831       83.083906       52.176699  
     21.761328       20.210921        0.000000       38.969619       74.020945       17.816788       59.655160       44.214309       70.585868       73.152128       10.693103       45.895447        5.990179       61.346423       99.144194       60.685071       37.475831       10.076634       51.487533       39.778542       58.627233        5.595549       62.137158        7.456583       56.979069       77.876531       50.654234       51.851085       99.834762       55.640572  
     59.189365       20.102576       38.969619        0.000000       92.812331       27.174720       51.186400       80.565252       47.684000       80.030032       29.882363       68.868849       44.768768       31.985551       60.978026       97.324252       75.168628       31.180958       88.826281       77.959964       97.414557       43.621316       83.296457       38.311583       84.185831       99.866725       77.532130       31.374588       62.983493       42.003641  
     53.914485       81.243412       74.020945       92.812331        0.000000       73.328322       42.715187       55.882620      103.643338       75.738718       76.091925       77.378849       68.937254      110.542742       72.170340       45.939800       55.970817       83.859887       48.987539       52.767258       33.087035       68.554381       12.294864       69.217063       64.427127        7.074849       68.981046      122.492016       73.437262      113.930811  
     33.031429        8.106681       17.816788       27.174720       73.328322        0.000000       44.906680       61.286608       71.210845       88.331061        7.658800       62.872976       21.721089       57.226921       86.817617       76.930483       54.129198       18.116109       67.800130       55.939853       71.114301       19.897493       61.270365       13.043405       74.774190       79.488363       68.341786       51.866875       89.543985       59.756426  
     57.252393       49.287867       59.655160       51.186400       42.715187       44.906680        0.000000       84.848909       88.116473      115.500901       52.142499      103.334096       59.844845       74.978629       64.115881       85.197659       79.121952       63.002618       83.132662       77.803929       70.142542       57.913208       37.626040       52.273264      102.348854       49.374183      101.946873       80.883643       68.453436       91.695352  
     31.856600       64.309517       44.214309       80.565252       55.882620       61.286608       84.848909        0.000000       73.795583       42.581088       54.856113       22.950486       39.583110       81.373482       96.797582       16.924961        7.479732       49.855120        8.419473        7.304549       23.194188       41.389873       52.907559       48.323061       18.639777       53.041093       17.274690       70.245673       92.503488       63.097379  
     88.769599       63.133562       70.585868       47.684000      103.643338       71.210845       88.116473       73.795583        0.000000       37.822865       68.990682       51.138151       75.182332       15.975153       35.292348       75.199878       77.353635       61.011743       77.231435       79.769245       90.231078       75.859080      115.915864       75.825405       58.120393       98.027973       56.833572       19.588593       32.758423       15.652246  
     72.801601       83.872693       73.152128       80.030032       75.738718       88.331061      115.500901       42.581088       37.822865        0.000000       81.041683       28.062065       72.441093       52.756294       55.164304       37.851397       49.252501       70.224272       42.186821       49.881161       52.614793       74.429793       83.084089       80.431820       23.958556       68.767490       26.854635       49.082596       50.746088       38.224882  
     29.325582       10.020121       10.693103       29.882363       76.091925        7.658800       52.142499       54.856113       68.990682       81.041683        0.000000       55.214437       15.564864       56.726596       90.854269       71.150248       47.988573       11.003780       61.939881       50.130253       67.558638       14.067568       63.797922        8.508938       67.324040       81.441834       60.791997       49.409841       92.741401       55.833031  
     46.184608       61.291228       45.895447       68.868849       77.378849       62.872976      103.334096       22.950486       51.138151       28.062065       55.214437        0.000000       44.486693       58.888599       80.908724       31.999570       26.410737       45.548640       28.563940       28.641850       44.398829       46.501673       75.832198       52.845006       15.317387       73.034387        8.914735       48.576909       76.673664       40.356747  
     15.875124       25.503441        5.990179       44.768768       68.937254       21.721089       59.844845       39.583110       75.182332       72.441093       15.564864       44.486693        0.000000       66.967444      105.132466       55.617090       32.528035       15.819352       46.410754       34.577906       52.737155        2.040801       57.370693        8.999303       53.906289       72.353695       48.040525       57.021561      105.656920       59.836151  
     82.674025       49.171053       61.346423       31.985551      110.542742       57.226921       74.978629       81.373482       15.975153       52.756294       56.726596       58.888599       66.967444        0.000000       39.332541       88.230954       82.031820       51.270212       87.376983       85.170885      102.829409       66.941939      112.604665       64.687861       69.794438      109.371938       66.544954       11.949624       38.768469       18.605169  
    119.745092       80.941622       99.144194       60.978026       72.170340       86.817617       64.115881       96.797582       35.292348       55.164304       90.854269       80.908724      105.132466       39.332541        0.000000       84.182278      104.082864       89.502925       92.758547      103.801154       90.336197      104.374649       82.150084       99.199363       78.561890       70.091924       81.980110       50.426200        4.418289       50.740025  
     44.821457       80.894147       60.685071       97.324252       45.939800       76.930483       85.197659       16.924961       75.199878       37.851397       71.150248       31.999570       55.617090       88.230954       84.182278        0.000000       23.210471       66.776608        9.210428       21.049788       15.068332       57.257715       47.822068       63.907585       18.622159       41.071158       23.228645       79.823460       80.579688       70.123563  
     24.460050       57.683733       37.475831       75.168628       55.970817       54.129198       79.121952        7.479732       77.353635       49.252501       47.988573       26.410737       32.528035       82.031820      104.082864       23.210471        0.000000       44.020589       14.027806        3.305837       25.365495       34.258802       50.787770       41.106222       25.556316       54.411879       22.864856       70.257002       99.722015       64.780331  
     31.693633       15.926838       10.076634       31.180958       83.859887       18.116109       63.002618       49.855120       61.011743       70.224272       11.003780       45.548640       15.819352       51.270212       89.502925       66.776608       44.020589        0.000000       57.861934       46.779013       67.263487       15.671901       71.791898       14.993580       59.001994       87.940334       52.145936       41.946270       89.844331       46.586735  
     36.205545       71.698451       51.487533       88.826281       48.987539       67.800130       83.132662        8.419473       77.231435       42.186821       61.939881       28.563940       46.410754       87.376983       92.758547        9.210428       14.027806       57.861934        0.000000       11.865384       15.900852       48.064642       47.869794       54.761386       19.216651       45.440745       20.943183       77.037717       88.887784       68.777363  
     25.002355       59.966649       39.778542       77.959964       52.767258       55.939853       77.803929        7.304549       79.769245       49.881161       50.130253       28.641850       34.577906       85.170885      103.801154       21.049788        3.305837       46.779013       11.865384        0.000000       22.099416       36.207995       47.958200       42.898780       25.944321       51.114386       24.165214       73.452753       99.602418       67.684088  
     38.336390       77.459544       58.627233       97.414557       33.087035       71.114301       70.142542       23.194188       90.231078       52.614793       67.558638       44.398829       52.737155      102.829409       90.336197       15.068332       25.365495       67.263487       15.900852       22.099416        0.000000       53.812633       32.993489       59.194505       33.105121       29.846946       36.378167       92.935097       88.060605       84.299569  
     16.293930       24.074979        5.595549       43.621316       68.554381       19.897493       57.913208       41.389873       75.859080       74.429793       14.067568       46.501673        2.040801       66.941939      104.374649       57.257715       34.258802       15.671901       48.064642       36.207995       53.812633        0.000000       56.792965        7.030678       55.920518       72.290415       50.077288       57.350007      105.362799       60.680786  
     43.145438       69.287143       62.137158       83.296457       12.294864       61.270365       37.626040       52.907559      115.915864       83.084089       63.797922       75.832198       57.370693      112.604665       82.150084       47.822068       50.787770       71.791898       47.869794       47.958200       32.993489       56.792965        0.000000       57.007304       66.095839       18.260831       68.811297      113.117605       84.161756      115.432171  
     20.880104       18.265068        7.456583       38.311583       69.217063       13.043405       52.273264       48.323061       75.825405       80.431820        8.508938       52.845006        8.999303       64.687861       99.199363       63.907585       41.106222       14.993580       54.761386       42.898780       59.194505        7.030678       57.007304        0.000000       62.882272       73.965744       56.915455       56.467557      101.242564       61.580091  
     49.807327       74.921240       56.979069       84.185831       64.427127       74.774190      102.348854       18.639777       58.120393       23.958556       67.324040       15.317387       53.906289       69.794438       78.561890       18.622159       25.556316       59.001994       19.216651       25.944321       33.105121       55.920518       66.095839       62.882272        0.000000       59.116522        6.963930       61.270744       74.177904       51.515940  
     56.700961       87.534100       77.876531       99.866725        7.074849       79.488363       49.374183       53.041093       98.027973       68.767490       81.441834       73.034387       72.353695      109.371938       70.091924       41.071158       54.411879       87.940334       45.440745       51.114386       29.846946       72.290415       18.260831       73.965744       59.116522        0.000000       64.298833      117.157494       70.613980      106.877972  
     45.953861       68.072770       50.654234       77.532130       68.981046       68.341786      101.946873       17.274690       56.833572       26.854635       60.791997        8.914735       48.040525       66.544954       81.980110       23.228645       22.864856       52.145936       20.943183       24.165214       36.378167       50.077288       68.811297       56.915455        6.963930       64.298833        0.000000       56.886037       77.565765       47.949485  
     72.160089       43.878831       51.851085       31.374588      122.492016       51.866875       80.883643       70.245673       19.588593       49.082596       49.409841       48.576909       57.021561       11.949624       50.426200       79.823460       70.257002       41.946270       77.037717       73.452753       92.935097       57.350007      113.117605       56.467557       61.270744      117.157494       56.886037        0.000000       49.239504       10.894272  
    121.399406       83.083906       99.834762       62.983493       73.437262       89.543985       68.453436       92.503488       32.758423       50.746088       92.741401       76.673664      105.656920       38.768469        4.418289       80.579688       99.722015       89.844331       88.887784       99.602418       88.060605      105.362799       84.161756      101.242564       74.177904       70.613980       77.565765       49.239504        0.000000       48.388202  
     73.123932       52.176699       55.640572       42.003641      113.930811       59.756426       91.695352       63.097379       15.652246       38.224882       55.833031       40.356747       59.836151       18.605169       50.740025       70.123563       64.780331       46.586735       68.777363       67.684088       84.299569       60.680786      115.432171       61.580091       51.515940      106.877972       47.949485       10.894272       48.388202        0.000000  
