>> quad = triangulation_quad ( 'example' )

quad =

    1.0000
    0.5000
    0.5000
    0.2467
